time = [0, 45, 121, 162, 220, 246, 272, 330, 372, 398, 440, 497, 538, 580, 637, 680, 737, 794, 851, 877, 919, 945, 987, 1028, 1086, 1112, 1184, 1226, 1298, 1356, 1412, 1470, 1527, 1584, 1641, 1683, 1725, 1766, 1808, 1850, 1907, 1948, 1990, 2063, 2154, 2260, 2336, 2423, 2511, 2568, 2672, 2760, 2847, 2951, 3007, 3049, 3123, 3181, 3238, 3295, 3355, 3396, 3453, 3526, 3568, 3609, 3666, 3754, 3810, 3868, 3894, 3920, 3962, 4003, 4029, 4117, 4174, 4216, 4290, 4316, 4374, 4434, 4524, 4601, 4674, 4715, 4788, 4830, 4887, 4976, 5049, 5090, 5132, 5189, 5263, 5304, 5330, 5402, 5491, 5532, 5574, 5646, 5732, 5805, 5893, 5966, 6039, 6111, 6199, 6271, 6344, 6401, 6443, 6500, 6573, 6646, 6704, 6777, 6819, 6875, 6932, 6989, 7031, 7119, 7161, 7234, 7276, 7317, 7390, 7479, 7506, 7562, 7650, 7738, 7795, 7852, 7909, 7981, 8052, 8094, 8136, 8196, 8240, 8300, 8342, 8415, 8456, 8514, 8588, 8645, 8733, 8821, 8893, 8965, 9006, 9048, 9152, 9255, 9328, 9431, 9534, 9654, 9710, 9752, 9825, 9882, 9939, 9997, 10053, 10110, 10183, 10239, 10312, 10370, 10442, 10500, 10557, 10629, 10671, 10728, 10800, 10857, 10961, 11017, 11090, 11178, 11266, 11354, 11441, 11467, 11524, 11580, 11607, 11679, 11705, 11748, 11805, 11893, 11950, 12039, 12112, 12170, 12226, 12283, 12356, 12428, 12485, 12557, 12676, 12780, 12868, 12926, 12967, 13039, 13065, 13122, 13225, 13314, 13371, 13429, 13519, 13545, 13602, 13675, 13717, 13792, 13852, 13897, 13955, 13981, 14022, 14063, 14120, 14177, 14203, 14245, 14302, 14360, 14431, 14473, 14499, 14540, 14597, 14655, 14757, 14814, 14871, 14929, 14970, 15027, 15053, 15141, 15198, 15255, 15357, 15414, 15487, 15543, 15600, 15641, 15668, 15740, 15812, 15915, 16018, 16090, 16194, 16266, 16323, 16380, 16452, 16509, 16567, 16608, 16649, 16707, 16765, 16837, 16879, 16921, 16978, 17019, 17061, 17133, 17175, 17232, 17321, 17347, 17388, 17431, 17472, 17514, 17556, 17629, 17685, 17727, 17783, 17825, 17867, 17893, 17966, 18039, 18080, 18168, 18209, 18253, 18329, 18373, 18430, 18472, 18544, 18648, 18705, 18762, 18849, 18938, 19026, 19099, 19187, 19289, 19377, 19464, 19568, 19656, 19728, 19785, 19827, 19868, 19926, 19982, 20039, 20126, 20198, 20255, 20298, 20370, 20413, 20486, 20542, 20630, 20689, 20749];
pos = [0, 0, 0, 47, 576, 812, 1169, 1522, 1897, 2117, 2481, 2976, 3332, 3822, 4193, 4551, 5189, 5540, 6039, 6268, 6631, 6854, 7216, 7568, 8068, 8295, 8928, 9418, 9911, 10536, 10899, 11396, 11887, 12380, 12871, 13233, 13595, 13957, 14312, 14676, 15172, 15521, 15889, 16653, 17002, 17000, 17000, 16783, 16157, 15524, 14637, 13877, 13117, 12356, 11867, 11509, 10739, 10371, 9871, 9381, 8864, 8502, 8014, 7390, 7027, 6667, 6175, 5420, 4928, 4432, 4204, 3983, 3620, 3260, 2905, 2288, 1787, 1422, 772, 534, 14, -2, 0, 0, 66, 592, 1114, 1493, 2150, 2948, 3463, 3841, 4359, 4728, 5385, 5754, 5965, 6636, 7184, 7467, 7833, 8274, 8788, 9191, 9666, 9955, 10372, 10693, 11058, 11279, 11587, 11720, 11847, 12018, 12288, 12458, 12634, 12856, 12982, 13150, 13321, 13495, 13619, 13888, 14010, 14234, 14360, 14486, 14750, 14973, 15049, 15271, 15533, 15798, 15925, 16097, 16315, 16526, 16698, 16821, 16997, 17002, 17000, 17000, 16978, 16750, 16627, 16454, 16230, 16009, 15746, 15526, 15261, 15096, 14970, 14801, 14485, 14173, 13954, 13647, 13332, 13021, 12849, 12726, 12504, 12329, 12160, 11940, 11816, 11647, 11431, 11255, 11030, 10816, 10641, 10471, 10297, 10084, 9957, 9784, 9567, 9395, 9084, 8912, 8694, 8382, 8164, 7853, 7642, 7558, 7388, 7217, 7141, 6920, 6792, 6713, 6537, 6274, 6104, 5832, 5615, 5393, 5221, 5100, 4878, 4660, 4446, 4224, 3914, 3555, 3290, 3160, 2996, 2820, 2741, 2574, 2265, 1985, 1720, 1549, 1153, 1027, 743, 338, 94, -1, 0, 0, 189, 375, 673, 971, 1389, 1811, 2002, 2309, 2726, 3149, 3666, 3956, 4140, 4419, 4892, 5160, 5772, 6085, 6378, 6653, 6916, 7091, 7197, 7612, 7759, 7969, 8311, 8531, 8753, 8879, 9049, 9174, 9301, 9518, 9687, 10046, 10353, 10525, 10886, 11104, 11230, 11444, 11620, 11791, 11965, 12086, 12215, 12388, 12566, 12780, 12904, 13032, 13204, 13328, 13450, 13670, 13794, 13969, 14237, 14313, 14439, 14568, 14692, 14816, 14990, 15161, 15333, 15458, 15628, 15751, 15880, 15958, 16175, 16399, 16571, 16789, 16915, 17006, 17000, 17000, 16906, 16672, 16433, 15940, 15655, 15239, 14693, 14112, 13500, 13076, 12308, 11526, 10838, 10136, 9270, 8511, 8017, 7509, 7136, 6767, 6109, 5601, 5090, 4447, 3796, 3284, 2761, 2247, 1864, 1202, 699, -16, 0, 0];
vel = [0, 0, 0, 1.85, 16.65, 16.65, 24.05, 11.1, 14.8, 14.8, 14.8, 14.8, 14.8, 20.35, 11.1, 14.8, 20.35, 11.1, 14.8, 14.8, 14.8, 14.8, 14.8, 14.8, 14.8, 14.8, 14.8, 20.35, 11.1, 18.5, 11.1, 14.8, 14.8, 14.8, 14.8, 14.8, 14.8, 14.8, 14.8, 14.8, 14.8, 14.8, 14.8, 18.5, 5.55, 0, 0, -3.7, -12.95, -20.35, -14.8, -14.8, -14.8, -12.95, -14.8, -14.8, -18.5, -11.1, -14.8, -14.8, -14.8, -14.8, -14.8, -14.8, -14.8, -14.8, -14.8, -14.8, -14.8, -14.8, -14.8, -14.8, -14.8, -14.8, -24.05, -12.95, -14.8, -14.8, -14.8, -16.65, -14.8, 0, 0, 0, 0, 22.2, 12.95, 16.65, 20.35, 14.8, 12.95, 16.65, 22.2, 11.1, 14.8, 16.65, 14.8, 16.65, 11.1, 11.1, 14.8, 11.1, 9.25, 9.25, 9.25, 5.55, 9.25, 7.4, 7.4, 5.55, 7.4, 3.7, 5.55, 5.55, 5.55, 3.7, 5.55, 5.55, 5.55, 5.55, 5.55, 5.55, 3.7, 5.55, 3.7, 5.55, 5.55, 5.55, 5.55, 3.7, 3.7, 5.55, 3.7, 5.55, 3.7, 5.55, 5.55, 3.7, 3.7, 3.7, 7.4, 0, 0, 0, 0, -5.55, -5.55, -3.7, -5.55, -5.55, -3.7, -3.7, -5.55, -3.7, -5.55, -7.4, -5.55, -5.55, -5.55, -3.7, -5.55, -3.7, -5.55, -3.7, -5.55, -5.55, -3.7, -5.55, -3.7, -3.7, -3.7, -5.55, -5.55, -5.55, -3.7, -3.7, -5.55, -3.7, -5.55, -5.55, -5.55, -5.55, -3.7, -5.55, -3.7, -5.55, -3.7, -5.55, -3.7, -5.55, -3.7, -5.55, -3.7, -5.55, -7.4, -1.85, -5.55, -3.7, -3.7, -5.55, -3.7, -5.55, -5.55, -3.7, -5.55, -5.55, -5.55, -5.55, -3.7, -5.55, -5.55, -3.7, -7.4, -3.7, -5.55, -3.7, -5.55, -5.55, -7.4, -3.7, -7.4, -7.4, -7.4, -9.25, -9.25, -1.85, 0, 0, 5.55, 12.95, 12.95, 12.95, 12.95, 12.95, 12.95, 12.95, 12.95, 12.95, 12.95, 11.1, 12.95, 11.1, 14.8, 7.4, 11.1, 9.25, 9.25, 7.4, 11.1, 5.55, 7.4, 7.4, 3.7, 5.55, 5.55, 5.55, 5.55, 3.7, 3.7, 5.55, 7.4, 5.55, 3.7, 5.55, 3.7, 3.7, 5.55, 5.55, 3.7, 5.55, 3.7, 5.55, 5.55, 3.7, 5.55, 3.7, 5.55, 3.7, 3.7, 5.55, 5.55, 5.55, 3.7, 5.55, 3.7, 5.55, 5.55, 3.7, 5.55, 5.55, 5.55, 3.7, 7.4, 3.7, 5.55, 3.7, 5.55, 3.7, 5.55, 5.55, 3.7, 5.55, 7.4, 3.7, 5.55, 3.7, 0, 0, -1.85, -9.25, -5.55, -7.4, -9.25, -12.95, -11.1, -11.1, -11.1, -9.25, -14.8, -12.95, -12.95, -14.8, -14.8, -14.8, -11.1, -14.8, -14.8, -16.65, -20.35, -16.65, -14.8, -12.95, -16.65, -14.8, -22.2, -12.95, -14.8, -16.65, -14.8, -14.8, 0, 0];
force = [0, 0, 0, 0, 0, 0, 0, 0, 0, 0, 0, 0, 0, 0, 0, 0, 0, 0, 0, 0, 0, 0, 0, 0, 0, 0, 0, 0, 0, 0, 0, 0, 0, 0, 0, 0, 0, 0, 0, 0, 0, 0, 0, 0, 0, 0, 0, 0, 0, 0, 0, 0, 0, 0, 0, 0, 0, 0, 0, 0, 0, 0, 0, 0, 0, 0, 0, 0, 0, 0, 0, 0, 0, 0, 0, 0, 0, 0, 0, 0, 0, 0, 0, 0, 0, 0, 0, 0, 0, 0, 0, 0, 0, 0, 0, 0, 0, 0, 0, 0, 0, 0, 0, 0, 0, 0, 0, 0, 0, 0, 0, 0, 0, 0, 0, 0, 0, 0, 0, 0, 0, 0, 0, 0, 0, 0, 0, 0, 0, 0, 0, 0, 0, 0, 0, 0, 0, 0, 0, 0, 0, 0, 0, 0, 0, 0, 0, 0, 0, 0, 0, 0, 0, 0, 0, 0, 0, 0, 0, 0, 0, 0, 0, 0, 0, 0, 0, 0, 0, 0, 0, 0, 0, 0, 0, 0, 0, 0, 0, 0, 0, 0, 0, 0, 0, 0, 0, 0, 0, 0, 0, 0, 0, 0, 0, 0, 0, 0, 0, 0, 0, 0, 0, 0, 0, 0, 0, 0, 0, 0, 0, 0, 0, 0, 0, 0, 0, 0, 0, 0, 0, 0, 0, 0, 0, 0, 0, 0, 0, 0, 0, 0, 0, 0, 0, 0, 0, 0, 0, 0, 0, 0, 0, 0, 0, 0, 0, 0, 0, 0, 0, 0, 0, 0, 0, 0, 0, 0, 0, 0, 0, 0, 0, 0, 0, 0, 0, 0, 0, 0, 0, 0, 0, 0, 0, 0, 0, 0, 0, 0, 0, 0, 0, 0, 0, 0, 0, 0, 0, 0, 0, 0, 0, 0, 0, 0, 0, 0, 0, 0, 0, 0, 0, 0, 0, 0, 0, 0, 0, 0, 0, 0, 0, 0, 0, 0, 0, 0, 0, 0, 0, 0, 0, 0, 0, 0, 0, 0, 0, 0, 0, 0, 0, 0, 0, 0, 0, 0, 0, 0, 0, 0];
