time = [0, 60, 121, 197, 273, 348, 440, 516, 576, 637, 698, 744, 804, 896, 942, 1004, 1050, 1112, 1158, 1203, 1265, 1311, 1357, 1433, 1479, 1525, 1586, 1632, 1693, 1770, 1832, 1877, 1954, 2000, 2046, 2106, 2152, 2244, 2304, 2381, 2427, 2488, 2548, 2610, 2672, 2717, 2793, 2855, 2907, 2963, 2995, 3028, 3101, 3133, 3160, 3239, 3272, 3335, 3408, 3441, 3474, 3548, 3580, 3628, 3676, 3723, 3786, 3834, 3898, 3956, 4014, 4062, 4089, 4132, 4175, 4217, 4259, 4285, 4328, 4370, 4402, 4460, 4487, 4544, 4592, 4619, 4646, 4673, 4716, 4805, 4837, 4895, 4922, 4964, 4991, 5018, 5045, 5088, 5121, 5154, 5196, 5245, 5271, 5298, 5356, 5384, 5426, 5468, 5526, 5559, 5591, 5669, 5696, 5732, 5759, 5817, 5860, 5892, 5935, 5983, 6026, 6053, 6095, 6127, 6170, 6228, 6286, 6328, 6376, 6449, 6497, 6540, 6573, 6600, 6664, 6721, 6754, 6812, 6870, 6917, 6971, 7020, 7084, 7131, 7210, 7237, 7295, 7357, 7406, 7449, 7478, 7521, 7548, 7590, 7623, 7689, 7737, 7786, 7804, 7851, 7878, 7907, 7925, 7952, 7979, 8013, 8056, 8082, 8100, 8133, 8166, 8208, 8226, 8259, 8302, 8329, 8347, 8395, 8439, 8457, 8484, 8527, 8554, 8602, 8629, 8656, 8683, 8716, 8759, 8786, 8834, 8883, 8915, 8948, 9022, 9049, 9122, 9170, 9197, 9224, 9242, 9300, 9373, 9422, 9449, 9476, 9503, 9545, 9587, 9650, 9714, 9792, 9870, 9912, 9960, 9993, 10041, 10084, 10117, 10196, 10284, 10348, 10396, 10428, 10492, 10540, 10597, 10655, 10682, 10709, 10766, 10815, 10847, 10874, 10907, 10950, 10993, 11035, 11063, 11137, 11163, 11206, 11232, 11259, 11286, 11330, 11373, 11400, 11442, 11469, 11496, 11555, 11581, 11640, 11667, 11715, 11788, 11815, 11848, 11890, 11917, 11943, 11976, 12003, 12046, 12095, 12121, 12148, 12206, 12240, 12287, 12329, 12402, 12459, 12517, 12550, 12583, 12610, 12674, 12733, 12776, 12825, 12867, 12900, 12933, 12966, 13039, 13087, 13135, 13162, 13225, 13252, 13294, 13342, 13389, 13447, 13496, 13529, 13577, 13624, 13688, 13737, 13784, 13832, 13890, 13948, 13996, 14028, 14077, 14120, 14147, 14174, 14208, 14250, 14293, 14336, 14394, 14421, 14464, 14491, 14533, 14591, 14640, 14682, 14725, 14786, 14847, 14893, 14915, 14953, 14975, 14997, 15035, 15057, 15111, 15133, 15171, 15193, 15231, 15268, 15306, 15328, 15366, 15388, 15425, 15463, 15517, 15548, 15593, 15631, 15661, 15699, 15730, 15767, 15805, 15843, 15881, 15911, 15979, 16002, 16039, 16070, 16107, 16161, 16184, 16237, 16259, 16304, 16349, 16410, 16456, 16501, 16531, 16577, 16615, 16699, 16729, 16767, 16828, 16866, 16903, 16973, 17050, 17118, 17179, 17217, 17255, 17286, 17331, 17361, 17383, 17406, 17452, 17483, 17520, 17543, 17589, 17611, 17657, 17679, 17725, 17762, 17808, 17846, 17899, 17938, 17968, 17991, 18037, 18075, 18107, 18160, 18182, 18238, 18271, 18314, 18363, 18411, 18453, 18502, 18550, 18592, 18656, 18714, 18773, 18821, 18869, 18928, 18991, 19018, 19061, 19120, 19163, 19221, 19263, 19306, 19348, 19390, 19439, 19466, 19524, 19566, 19615, 19648, 19675, 19724, 19756, 19820, 19868, 19926, 19990, 20038, 20080, 20153, 20186, 20249, 20321, 20369, 20448, 20511, 20544, 20592, 20656, 20714, 20777, 20804, 20847, 20890, 20933, 20977, 21035, 21077, 21119, 21161, 21220, 21263, 21312, 21370, 21412, 21445, 21493, 21520, 21563, 21606, 21648, 21691, 21718, 21775, 21818, 21867, 21924, 21951, 21994, 22021, 22048, 22106, 22164, 22207, 22271, 22334, 22398, 22440, 22498, 22546, 22619, 22646, 22704, 22731, 22764, 22838, 22896, 22939, 22987, 23035, 23068, 23131, 23195, 23253, 23313, 23340, 23367, 23409, 23498, 23561, 23625, 23672, 23735, 23799, 23862, 23904, 23976, 24009, 24037, 24079, 24122, 24149, 24191, 24224, 24251, 24278, 24326, 24353, 24396, 24439, 24487, 24545, 24594, 24657, 24731, 24779, 24821, 24863, 24906, 24954, 25003, 25035, 25078, 25120, 25195, 25237, 25285, 25334, 25376, 25450, 25477, 25504, 25552, 25599, 25642, 25715, 25764, 25806, 25849, 25897, 25956, 25988, 26037, 26085, 26144, 26171, 26228, 26255, 26297, 26324, 26367, 26430, 26504, 26546, 26578, 26636, 26693, 26752, 26809, 26873, 26921, 26986, 27065, 27098, 27171, 27235, 27293, 27336, 27378, 27420, 27463, 27521, 27585, 27612, 27640, 27682, 27714, 27756, 27799, 27842, 27885, 27944, 28002, 28044, 28093, 28141, 28189, 28238, 28328, 28371, 28413, 28440, 28482, 28540, 28589, 28647, 28674, 28732, 28791, 28850, 28877, 28956, 29030, 29078, 29142, 29200, 29279, 29327, 29375, 29422, 29471, 29518, 29597, 29693, 29738, 29844, 29920, 29997, 30043, 30134, 30195, 30257, 30332, 30394, 30470, 30531, 30592, 30654, 30699, 30745, 30822, 30868, 30929, 30975, 31037, 31099, 31161, 31223, 31285, 31330, 31376, 31438, 31500, 31562, 31623, 31669, 31746, 31806, 31852, 31898, 31975, 32035, 32098, 32160, 32205, 32267, 32344, 32406, 32466, 32527, 32589, 32665, 32727, 32788, 32848, 32925, 32971, 33017, 33078, 33170, 33216, 33276, 33353, 33399, 33460, 33536, 33628, 33719, 33796, 33842, 33919, 33979, 34041, 34103, 34148, 34194, 34240, 34286, 34347, 34393, 34439, 34485, 34530, 34576, 34622, 34668, 34744, 34806, 34867, 34929, 34990, 35036, 35097, 35144, 35189, 35251, 35313, 35375, 35436, 35482, 35528, 35574, 35634, 35696, 35742, 35818, 35895, 35957, 36019, 36064, 36110, 36172, 36249, 36309, 36370, 36432, 36508, 36585, 36647, 36723, 36761, 36808, 36838, 36898, 36975, 37052, 37114, 37178, 37242, 37330, 37388, 37446, 37488, 37531, 37574, 37653, 37695, 37769, 37812, 37855, 37897, 37939, 37987, 38035, 38077, 38134, 38192, 38251, 38309, 38352, 38410, 38468, 38510, 38558, 38600, 38649, 38707, 38750, 38803, 38825, 38887, 38941, 39001, 39047, 39085, 39123, 39177, 39199, 39236, 39258, 39280, 39326, 39356, 39379, 39401, 39438, 39460, 39522, 39568, 39629, 39651, 39673, 39711, 39741, 39788, 39850, 39904, 39949, 39986, 40032, 40078, 40139, 40185, 40239, 40285, 40347, 40392, 40454, 40515, 40576, 40644, 40697, 40734, 40786, 40840, 40863, 40909, 40931, 40968, 41007, 41044, 41090, 41128, 41166, 41227, 41288, 41326, 41363, 41386, 41424, 41446, 41484, 41521, 41544, 41597, 41635, 41673, 41695, 41717, 41771, 41809, 41862, 41900, 41938, 41960, 42006, 42044, 42066, 42103, 42141, 42187, 42209, 42231, 42285, 42346, 42399, 42422, 42459, 42490, 42528, 42590, 42627, 42665, 42703, 42725, 42771, 42824, 42878, 42932, 42994, 43016, 43069, 43100, 43161, 43199, 43221, 43258, 43298, 43340, 43414, 43447, 43526, 43600, 43674, 43722, 43801, 43849, 43912, 43954, 43981, 44040, 44103, 44130, 44172, 44199, 44226, 44289, 44348, 44407, 44449, 44508, 44556, 44583, 44610, 44643, 44686, 44713, 44755, 44798, 44841, 44867, 44910, 44953, 45011, 45059, 45092, 45140, 45204, 45268, 45330, 45391, 45444, 45490, 45536, 45597, 45658, 45704, 45750, 45795, 45841, 45887, 45949, 46025, 46055, 46117, 46179, 46208, 46254, 46330, 46376, 46437, 46513, 46559, 46619, 46681, 46742, 46788, 46864, 46925, 47001, 47092, 47184, 47261, 47306, 47383, 47459, 47505, 47566, 47627, 47673, 47718, 47779, 47841, 47887, 47932, 47978, 48040, 48086, 48161, 48223, 48269, 48331, 48392, 48423, 48485, 48531, 48576, 48637, 48683, 48744, 48806, 48868, 48914, 48990, 49067, 49143, 49219, 49296, 49334, 49358, 49417, 49449, 49477, 49519, 49568, 49626, 49668, 49716, 49779, 49843, 49891, 49954, 50012, 50060, 50100, 50122, 50191, 50261, 50291, 50353, 50399, 50445, 50506, 50567, 50628, 50674, 50736, 50820, 50881, 50919, 50949, 50986, 51038, 51068, 51115, 51168, 51222, 51244, 51266, 51312, 51358, 51396, 51418, 51455, 51478, 51515, 51540, 51583, 51626, 51699, 51741, 51799, 51842, 51915, 51958, 52000, 52064, 52107, 52155, 52213, 52262, 52340];
