time = [0, 30, 84, 159, 210, 261, 341, 418, 468, 529, 590, 651, 696, 763, 839, 890, 935, 986, 1021, 1102, 1138, 1189, 1286, 1331, 1367, 1417, 1453, 1565, 1647, 1759, 1825, 1891, 1984, 2036, 2086, 2184, 2220, 2270, 2315, 2366, 2411, 2461, 2537, 2566, 2628, 2694, 2776, 2806, 2866, 2911, 2957, 3011, 3048, 3102, 3153, 3204, 3264, 3310, 3370, 3421, 3471, 3531, 3607, 3667, 3718, 3785, 3866, 3927, 3978, 4054, 4084, 4175, 4235, 4270, 4306, 4366, 4447, 4528, 4609, 4690, 4741, 4801, 4882, 4948, 5029, 5080, 5161, 5243, 5303, 5354, 5405, 5455, 5532, 5608, 5658, 5725, 5776, 5827, 5887, 5938, 6001, 6055, 6093, 6175, 6226, 6277, 6353, 6420, 6449, 6500, 6567, 6634, 6668, 6734, 6785, 6830, 6865, 6901, 6952, 7018, 7078, 7129, 7195, 7256, 7307, 7352, 7418, 7477, 7544, 7626, 7655, 7691, 7741, 7807, 7889, 7934, 8000, 8051, 8117, 8200, 8266, 8347, 8414, 8464, 8530, 8596, 8671, 8721, 8772, 8832, 8867, 8927, 8963, 9046, 9084, 9138, 9183, 9218, 9285, 9350, 9411, 9461, 9537, 9582, 9647, 9713, 9758, 9794, 9860, 9890, 9957, 10009, 10091, 10151, 10202, 10247, 10297, 10363, 10414, 10511, 10577, 10628, 10724, 10790, 10819, 10870, 10916, 10976, 11057, 11109, 11159, 11241, 11292, 11338, 11420, 11470, 11566, 11602, 11683, 11780, 11863, 11959, 12026, 12064, 12102, 12140, 12185, 12231, 12260, 12311, 12377, 12428, 12478, 12555, 12600, 12646, 12690, 12735, 12771, 12816, 12852, 12896, 12962, 13007, 13042, 13087, 13123, 13183, 13219, 13264, 13294, 13360, 13405, 13440, 13506, 13552, 13618, 13684, 13767, 13818, 13878, 13913, 13964, 14030, 14096, 14147, 14213, 14263, 14314, 14350, 14431, 14513, 14549, 14630, 14696, 14762, 14852, 14934, 15016, 15085, 15183, 15267, 15318, 15385, 15420, 15486, 15532, 15583, 15628, 15688, 15749, 15809, 15860, 15921, 15982, 16057, 16124, 16153, 16228, 16279, 16324, 16360, 16420, 16465, 16526, 16586, 16631, 16676, 16743, 16803, 16848, 16909, 16960, 17027, 17103, 17178, 17245, 17296, 17325, 17377, 17459, 17525, 17605, 17681, 17732, 17812, 17924, 17974, 18019, 18055, 18106, 18174, 18290];
pos = [0, 0, 0, 204, 516, 910, 1393, 1759, 2062, 2514, 2787, 3149, 3425, 3821, 4284, 4587, 4946, 5153, 5367, 5850, 6156, 6460, 6955, 7224, 7437, 7734, 8039, 8714, 9201, 9875, 10274, 10666, 11131, 11440, 11833, 12324, 12634, 12840, 13115, 13419, 13679, 13981, 14441, 14619, 14978, 15379, 15870, 16049, 16411, 16672, 16951, 17002, 17000, 17000, 16852, 16549, 16184, 15912, 15551, 15249, 14946, 14589, 14133, 13772, 13377, 13070, 12582, 12217, 11821, 11460, 11283, 10738, 10373, 10165, 9856, 9592, 9013, 8530, 8047, 7654, 7351, 6892, 6500, 6107, 5534, 5230, 4739, 4347, 3983, 3679, 3377, 3074, 2615, 2159, 1858, 1458, 1157, 850, 492, 187, -4, 0, 0, 151, 455, 761, 1218, 1617, 1795, 2099, 2497, 2896, 3198, 3497, 3801, 4070, 4283, 4495, 4893, 5193, 5650, 5864, 6353, 6625, 6926, 7287, 7680, 7946, 8345, 8834, 9011, 9222, 9524, 10009, 10503, 10769, 11167, 11379, 11774, 12359, 12753, 13241, 13640, 13943, 14337, 14730, 15089, 15480, 15783, 16051, 16262, 16622, 16834, 17001, 16999, 16999, 16891, 16676, 16277, 15794, 15430, 15220, 14767, 14407, 14107, 13712, 13443, 13231, 12831, 12657, 12255, 11944, 11454, 11092, 10787, 10523, 10126, 9823, 9429, 8846, 8545, 8242, 7572, 7270, 7093, 6788, 6518, 6066, 5670, 5273, 5061, 4572, 4269, 3992, 3500, 3111, 2625, 2322, 1833, 1258, 762, 273, -5, -1, 0, 0, 114, 383, 563, 871, 1350, 1563, 1961, 2331, 2596, 2867, 3132, 3406, 3615, 3888, 4103, 4365, 4765, 5029, 5246, 5509, 5727, 6085, 6296, 6572, 6750, 7137, 7411, 7622, 8017, 8289, 8781, 9082, 9577, 9882, 10245, 10451, 10845, 11147, 11549, 11944, 12245, 12637, 12852, 13154, 13638, 14045, 14346, 14836, 15232, 15534, 16161, 16649, 17014, 17000, 17000, 17000, 16757, 16450, 16144, 15845, 15571, 15272, 14999, 14635, 14273, 13910, 13605, 13243, 12881, 12336, 12030, 11766, 11405, 11096, 10829, 10615, 10257, 9986, 9622, 9261, 8994, 8727, 8233, 7966, 7699, 7333, 6939, 6534, 6169, 5719, 5321, 5014, 4847, 4416, 4041, 3756, 3092, 2722, 2405, 1833, 1258, 960, 699, 484, 95, 0, 0];
vel = [0, 0, 0, 3.7, 11.1, 12.95, 11.1, 7.4, 11.1, 12.95, 7.4, 9.25, 11.1, 9.25, 11.1, 9.25, 12.95, 7.4, 11.1, 9.25, 14.8, 9.25, 9.25, 9.25, 9.25, 9.25, 14.8, 11.1, 9.25, 11.1, 11.1, 9.25, 9.25, 9.25, 12.95, 9.25, 14.8, 7.4, 11.1, 9.25, 9.25, 11.1, 11.1, 11.1, 9.25, 11.1, 9.25, 9.25, 11.1, 9.25, 11.1, 0, 0, 0, -3.7, -9.25, -11.1, -9.25, -11.1, -9.25, -11.1, -9.25, -11.1, -11.1, -12.95, -7.4, -11.1, -9.25, -12.95, -7.4, -9.25, -9.25, -11.1, -9.25, -14.8, -7.4, -12.95, -9.25, -9.25, -7.4, -9.25, -12.95, -7.4, -9.25, -12.95, -9.25, -11.1, -7.4, -11.1, -9.25, -9.25, -11.1, -9.25, -11.1, -11.1, -9.25, -9.25, -11.1, -9.25, -9.25, -5.55, 0, 0, 1.85, 9.25, 11.1, 11.1, 9.25, 11.1, 9.25, 9.25, 9.25, 14.8, 7.4, 9.25, 9.25, 11.1, 9.25, 12.95, 7.4, 12.95, 7.4, 12.95, 7.4, 9.25, 14.8, 9.25, 7.4, 9.25, 9.25, 11.1, 9.25, 11.1, 12.95, 11.1, 9.25, 11.1, 7.4, 9.25, 12.95, 9.25, 11.1, 9.25, 11.1, 9.25, 9.25, 7.4, 12.95, 9.25, 7.4, 11.1, 11.1, 9.25, 3.7, 0, 0, -3.7, -11.1, -9.25, -12.95, -9.25, -7.4, -9.25, -14.8, -7.4, -9.25, -9.25, -9.25, -11.1, -9.25, -11.1, -9.25, -9.25, -11.1, -9.25, -9.25, -12.95, -7.4, -12.95, -11.1, -7.4, -9.25, -11.1, -7.4, -11.1, -9.25, -9.25, -12.95, -7.4, -12.95, -7.4, -9.25, -9.25, -11.1, -11.1, -12.95, -9.25, -14.8, -11.1, -9.25, -9.25, -9.25, -7.4, 0, 0, 0, 3.7, 9.25, 11.1, 11.1, 12.95, 7.4, 12.95, 7.4, 9.25, 9.25, 11.1, 11.1, 9.25, 11.1, 9.25, 9.25, 11.1, 9.25, 11.1, 9.25, 11.1, 9.25, 9.25, 11.1, 9.25, 9.25, 11.1, 11.1, 9.25, 9.25, 12.95, 7.4, 9.25, 9.25, 11.1, 9.25, 12.95, 7.4, 11.1, 12.95, 7.4, 12.95, 7.4, 14.8, 9.25, 7.4, 14.8, 11.1, 11.1, 7.4, 11.1, 9.25, 7.4, 0, 0, 0, -7.4, -7.4, -14.8, -7.4, -9.25, -9.25, -11.1, -11.1, -9.25, -11.1, -9.25, -9.25, -9.25, -12.95, -7.4, -16.65, -7.4, -11.1, -9.25, -9.25, -9.25, -11.1, -9.25, -11.1, -9.25, -9.25, -12.95, -7.4, -9.25, -11.1, -12.95, -11.1, -7.4, -11.1, -9.25, -11.1, -9.25, -14.8, -7.4, -7.4, -14.8, -7.4, -11.1, -12.95, -9.25, -9.25, -9.25, -9.25, -12.95, -1.85, 0];
force = [0, 0, 0, 0, 0, 0, 0, 0, 0, 0, 0, 0, 0, 0, 0, 0, 0, 0, 0, 0, 0, 0, 0, 0, 0, 0, 0, 0, 0, 0, 0, 0, 0, 0, 0, 0, 0, 0, 0, 0, 0, 0, 0, 0, 0, 0, 0, 0, 0, 0, 0, 0, 0, 0, 0, 0, 0, 0, 0, 0, 0, 0, 0, 0, 0, 0, 0, 0, 0, 0, 0, 0, 0, 0, 0, 0, 0, 0, 0, 0, 0, 0, 0, 0, 0, 0, 0, 0, 0, 0, 0, 0, 0, 0, 0, 0, 0, 0, 0, 0, 0, 0, 0, 0, 0, 0, 0, 0, 0, 0, 0, 0, 0, 0, 0, 0, 0, 0, 0, 0, 0, 0, 0, 0, 0, 0, 0, 0, 0, 0, 0, 0, 0, 0, 0, 0, 0, 0, 0, 0, 0, 0, 0, 0, 0, 0, 0, 0, 0, 0, 0, 0, 0, 0, 0, 0, 0, 0, 0, 0, 0, 0, 0, 0, 0, 0, 0, 0, 0, 0, 0, 0, 0, 0, 0, 0, 0, 0, 0, 0, 0, 0, 0, 0, 0, 0, 0, 0, 0, 0, 0, 0, 0, 0, 0, 0, 0, 0, 0, 0, 0, 0, 0, 0, 0, 0, 0, 0, 0, 0, 0, 0, 0, 0, 0, 0, 0, 0, 0, 0, 0, 0, 0, 0, 0, 0, 0, 0, 0, 0, 0, 0, 0, 0, 0, 0, 0, 0, 0, 0, 0, 0, 0, 0, 0, 0, 0, 0, 0, 0, 0, 0, 0, 0, 0, 0, 0, 0, 0, 0, 0, 0, 0, 0, 0, 0, 0, 0, 0, 0, 0, 0, 0, 0, 0, 0, 0, 0, 0, 0, 0, 0, 0, 0, 0, 0, 0, 0, 0, 0, 0, 0, 0, 0, 0, 0, 0, 0, 0, 0, 0, 0, 0, 0, 0, 0, 0, 0, 0, 0, 0, 0, 0];
