sen166 = [47358, 47358, 47358, 47358, 47358, 47358, 47358, 47358, 47358, 47358, 47358, 47358, 47358, 47358, 47358, 47358, 47358, 47358, 47358, 47358, 47358, 47358, 47358, 47358, 47358, 47358, 47358, 47358, 47358, 47358, 47358, 47358, 47358, 47358, 47358, 47358, 47358, 47358, 47358, 47358, 47358, 47358, 47358, 47358, 47358, 47358, 47358, 47358, 47358, 47358, 47358, 47358, 47358, 47358, 47358, 47358, 47358, 47358, 47358, 47614, 47614, 47358, 47614, 47358, 47358, 47358, 47358, 47358, 47358, 47358, 47358, 47358, 47614, 47614, 47358, 47358, 47358, 47358, 47358, 47358, 47358, 47358, 47358, 47358, 47614, 47614, 47614, 47358, 47358, 47614, 47614, 47614, 47614, 47614, 47614, 47614, 47358, 47358, 47614, 47614, 47358, 47358, 47614, 47614, 47614, 47614, 47614, 47614, 47614, 47614, 47614, 47614, 47614, 47614, 47614, 47614, 47614, 47614, 47614, 47614, 47614, 47614, 47614, 47614, 47614, 47614, 47614, 47614, 47614, 47358, 47614, 47614, 47358, 47614, 47358, 47358, 47358, 47614, 47358, 47614, 47614, 47358, 47358, 47358, 47358, 47614, 47358, 47614, 47358, 47358, 47358, 47358, 47358, 47358, 47358, 47358, 47614, 47614, 47614, 47358, 47358, 47358, 47614, 47358, 47614, 47358, 47614, 47614, 47614, 47614, 47358, 47358, 47358, 47358, 47358, 47614, 47614, 47614, 47614, 47614, 47614, 47614, 47614, 47614, 47614, 47614, 47358, 47614, 47614, 47358, 47614, 47614, 47358, 47614, 47614, 47614, 47614, 47614, 47614, 47614];
