sen500 = [48895, 48895, 48895, 48895, 48895, 48895, 48895, 48895, 48895, 48895, 48895, 48895, 48895, 48895, 48895, 48895, 48895, 48895, 48895, 48895, 48895, 48895, 48895, 48895, 48895, 48895, 48895, 48895, 48895, 48895, 48895, 48895, 49151, 48895, 49151, 49151, 48895, 49151, 49151, 49151, 49151, 49151, 49151, 49151, 49151, 49151, 49151, 49151, 49151, 49151, 49151, 49151, 49151, 49151, 49151, 49151, 49151, 49151, 49151, 49151, 49151, 49151, 49151, 49151, 49151, 49151, 49151, 49151, 49151, 49151, 49151, 49151, 49151, 49151, 49151, 49151, 49151, 49151, 49151, 49151, 49151, 49151, 49151, 49151, 49151, 49151, 49151, 49151, 49151, 49151, 49151, 49151, 49151, 49151, 49151, 49151, 49151, 49151, 49151, 49151, 49151, 49151, 49151, 49151, 49151, 49151, 49151, 49151, 49151, 49151, 49151, 49151, 49151, 49151, 49151, 49151, 49151, 49151, 49151, 49151, 49151, 49151, 49151, 49151, 49151, 49151, 49151, 49151, 49151, 49151, 49151, 49151, 49151, 49151, 49151, 49151, 49151, 49151, 49151, 49151, 49151, 49151, 49151, 49151, 49151, 49151, 49151, 49151, 49151, 49151, 49151, 49151, 49151, 49151, 49151, 49151, 49151, 49151, 49151, 49151, 49151, 49151, 49151, 49151, 49151, 49151, 49151, 49407, 49151, 49407, 49151, 49151, 49151, 49407, 49407, 49407, 49407, 49407, 49407, 49407, 49407, 49407, 49407, 49407, 49407, 49407, 49407, 49407, 49407, 49407, 49407, 49407, 49407, 49407, 49407, 49407, 49407, 49407, 49407, 49407];
