time = [0, 61, 106, 194, 267, 293, 398, 471, 513, 601, 627, 668, 741, 798, 886, 959, 1079, 1152, 1239, 1327, 1368, 1425, 1467, 1509, 1551, 1607, 1649, 1691, 1733, 1775, 1816, 1858, 1884, 1940, 1982, 2024, 2082, 2154, 2212, 2270, 2296, 2337, 2379, 2405, 2447, 2535, 2561, 2588, 2629, 2656, 2713, 2754, 2811, 2837, 2879, 2967, 3009, 3068, 3112, 3172, 3228, 3255, 3327, 3369, 3425, 3482, 3570, 3596, 3638, 3664, 3706, 3794, 3897, 3939, 4012, 4099, 4156, 4244, 4331, 4419, 4507, 4625, 4666, 4771, 4843, 4885, 4927, 5015, 5056, 5159, 5185, 5226, 5283, 5340, 5382, 5470, 5512, 5554, 5610, 5667, 5740, 5844, 5900, 5973, 6015, 6071, 6097, 6154, 6195, 6283, 6402, 6443, 6516, 6558, 6615, 6702, 6776, 6817, 6875, 6948, 7005, 7061, 7180, 7221, 7296, 7403, 7463, 7553, 7610, 7712, 7800, 7904, 7992, 8034, 8060, 8086, 8144, 8186, 8259, 8317, 8390, 8431, 8457, 8484, 8540, 8597, 8638, 8664, 8706, 8778, 8865, 8891, 8949, 9006, 9095, 9121, 9162, 9219, 9276, 9318, 9359, 9416, 9458, 9530, 9586, 9674, 9763, 9851, 9924, 9968, 10042, 10117, 10189, 10247, 10304, 10361, 10418, 10505, 10562, 10620, 10708, 10780, 10868, 10956, 11012, 11116, 11189, 11276, 11349, 11422, 11480, 11537, 11610, 11682, 11739, 11827, 11869, 11895, 11936, 11993, 12066, 12092, 12135, 12176, 12233, 12290, 12316, 12358, 12415, 12457, 12514, 12586, 12705, 12761, 12834, 12892, 12934, 13006, 13094, 13166, 13240, 13298, 13404, 13495, 13571, 13628, 13700, 13772, 13860, 13933, 13991, 14048, 14105, 14162, 14265, 14338, 14396, 14468, 14556, 14613, 14655, 14697, 14769, 14796, 14868, 14894, 14935, 14992, 15034, 15060, 15102, 15159, 15216, 15258, 15299, 15326, 15367, 15393, 15420, 15462, 15522, 15581, 15610, 15682, 15739, 15827, 15868, 15926, 15984, 16042, 16068, 16125, 16214, 16271, 16328, 16447, 16519, 16576, 16634, 16691, 16748, 16806, 16879, 16950, 17053, 17110, 17167, 17239, 17327, 17384, 17472, 17560, 17650, 17725];
pos = [0, 0, 0, 116, 338, 462, 731, 998, 1124, 1340, 1462, 1541, 1764, 1981, 2244, 2462, 2825, 3041, 3321, 3573, 3727, 3949, 4119, 4309, 4490, 4784, 4999, 5239, 5490, 5757, 6047, 6345, 6537, 6986, 7337, 7709, 8225, 8883, 9400, 9919, 10151, 10668, 10903, 11142, 11655, 12307, 12540, 12780, 13161, 13394, 13913, 14419, 14791, 15028, 15401, 16199, 16714, 17012, 17001, 17000, 16771, 16534, 15890, 15515, 15005, 14492, 13706, 13466, 13101, 12863, 12489, 11666, 10981, 10691, 10145, 9743, 9469, 9074, 8706, 8432, 8165, 7854, 7731, 7417, 7197, 7072, 6945, 6682, 6512, 6249, 6172, 6044, 5874, 5704, 5530, 5312, 5185, 5064, 4889, 4717, 4458, 4187, 4020, 3799, 3671, 3504, 3428, 3255, 3128, 2818, 2510, 2338, 2165, 2036, 1822, 1602, 1382, 1209, 1035, 866, 695, 522, 168, -7, -1, 0, 0, 117, 291, 600, 861, 1174, 1442, 1524, 1629, 1738, 1992, 2206, 2635, 3012, 3523, 3833, 4042, 4251, 4725, 5217, 5592, 5828, 6339, 6846, 7622, 7862, 8381, 8896, 9701, 10070, 10309, 10821, 11329, 11842, 12078, 12587, 13104, 13614, 14267, 15054, 15852, 16639, 17002, 17001, 17000, 17000, 16853, 16513, 16220, 15965, 15681, 15378, 15254, 15081, 14821, 14549, 14334, 14068, 13848, 13586, 13322, 13103, 12880, 12665, 12493, 12275, 12102, 11883, 11671, 11446, 11318, 11225, 11049, 10802, 10440, 10161, 9987, 9575, 9261, 8824, 8615, 8267, 7778, 7398, 6749, 6101, 5153, 4651, 4000, 3481, 3100, 2307, 1660, 1009, 337, 1, 0, 0, 0, 219, 734, 1523, 2178, 2967, 3358, 3867, 4386, 5039, 5824, 6475, 7134, 7793, 8583, 9105, 9340, 9716, 10365, 10742, 11254, 11484, 11866, 12377, 12743, 12981, 13361, 13876, 14390, 14771, 15137, 15376, 15750, 15984, 16220, 16743, 16996, 17001, 17000, 16767, 16132, 15469, 15106, 14582, 14064, 13544, 13311, 12801, 11994, 11472, 10820, 9761, 9092, 8736, 8216, 7701, 7181, 6666, 5870, 5219, 4434, 3917, 3406, 2626, 1972, 1324, 667, -1, 0, 0];
vel = [0, 0, 0, 1, 3, 4, 2, 3, 3, 2, 4, 1, 3, 3, 2, 2, 3, 2, 3, 2, 3, 3, 4, 4, 4, 5, 5, 5, 5, 6, 7, 7, 7, 8, 8, 8, 8, 9, 8, 8, 8, 12, 5, 9, 12, 7, 8, 8, 9, 8, 9, 12, 6, 9, 8, 9, 12, 5, 0, 0, -4, -8, -8, -8, -9, -9, -8, -9, -8, -9, -8, -9, -6, -6, -7, -4, -4, -4, -4, -3, -3, -2, -3, -2, -3, -2, -3, -2, -4, -2, -2, -3, -2, -2, -4, -2, -3, -2, -3, -3, -3, -2, -2, -3, -3, -2, -2, -3, -3, -3, -2, -4, -2, -3, -3, -2, -2, -4, -3, -2, -3, -3, -2, -4, 0, 0, 0, 1, 3, 3, 2, 3, 3, 1, 4, 4, 4, 5, 5, 6, 7, 7, 8, 7, 8, 8, 9, 9, 12, 7, 8, 9, 8, 9, 9, 14, 5, 8, 8, 12, 5, 8, 12, 7, 11, 8, 8, 8, 4, 0, 0, 0, -2, -5, -5, -4, -4, -3, -2, -2, -2, -3, -2, -3, -3, -2, -3, -2, -3, -2, -2, -3, -2, -3, -3, -2, -3, -3, -4, -4, -4, -10, -4, -10, -5, -7, -8, -8, -8, -9, -11, -9, -7, -8, -8, -8, -9, -11, -7, -9, -9, -5, 0, 0, 0, 3, 7, 10, 7, 10, 6, 8, 9, 11, 7, 8, 11, 9, 8, 9, 5, 8, 9, 13, 7, 8, 9, 8, 8, 9, 9, 9, 9, 9, 8, 8, 9, 9, 8, 12, 4, 0, 0, -3, -11, -7, -8, -9, -8, -8, -8, -8, -9, -9, -11, -8, -9, -6, -8, -9, -9, -8, -10, -9, -7, -9, -8, -10, -7, -11, -7, -7, 0, 0];
force = [0, 0, 0, 0, 0, 0, 0, 0, 0, 0, 0, 0, 0, 0, 0, 0, 0, 0, 0, 0, 0, 0, 0, 0, 0, 0, 0, 0, 0, 0, 0, 0, 0, 0, 0, 0, 0, 0, 0, 0, 0, 0, 0, 0, 0, 0, 0, 0, 0, 0, 0, 0, 0, 0, 0, 0, 0, 0, 0, 0, 0, 0, 0, 0, 0, 0, 0, 0, 0, 0, 0, 0, 0, 0, 0, 0, 0, 0, 0, 0, 0, 0, 0, 0, 0, 0, 0, 0, 0, 0, 0, 0, 0, 0, 0, 0, 0, 0, 0, 0, 0, 0, 0, 0, 0, 0, 0, 0, 0, 0, 0, 0, 0, 0, 0, 0, 0, 0, 0, 0, 0, 0, 0, 0, 0, 0, 0, 0, 0, 0, 0, 0, 0, 0, 0, 0, 0, 0, 0, 0, 0, 0, 0, 0, 0, 0, 0, 0, 0, 0, 0, 0, 0, 0, 0, 0, 0, 0, 0, 0, 0, 0, 0, 0, 0, 0, 0, 0, 0, 0, 0, 0, 0, 0, 0, 0, 0, 0, 0, 0, 0, 0, 0, 0, 0, 0, 0, 0, 0, 0, 0, 0, 0, 0, 0, 0, 0, 0, 0, 0, 0, 0, 0, 0, 0, 0, 0, 0, 0, 0, 0, 0, 0, 0, 0, 0, 0, 0, 0, 0, 0, 0, 0, 0, 0, 0, 0, 0, 0, 0, 0, 0, 0, 0, 0, 0, 0, 0, 0, 0, 0, 0, 0, 0, 0, 0, 0, 0, 0, 0, 0, 0, 0, 0, 0, 0, 0, 0, 0, 0, 0, 0, 0, 0, 0, 0, 0, 0, 0, 0, 0, 0, 0, 0, 0, 0, 0, 0, 0, 0, 0, 0, 0, 0, 0, 0, 0, 0, 0, 0, 0, 0, 0, 0];
