time = [0, 33, 95, 158, 235, 298, 345, 391, 436, 484, 530, 592, 653, 699, 746, 807, 852, 898, 960, 1038, 1099, 1145, 1191, 1251, 1297, 1343, 1389, 1435, 1495, 1572, 1618, 1664, 1740, 1786, 1832, 1893, 1955, 2017, 2080, 2125, 2186, 2249, 2311, 2372, 2418, 2480, 2541, 2603, 2680, 2726, 2802, 2879, 2940, 3000, 3046, 3123, 3169, 3229, 3306, 3383, 3444, 3521, 3583, 3659, 3721, 3783, 3830, 3875, 3937, 4008, 4033, 4088, 4135, 4198, 4260, 4305, 4351, 4397, 4443, 4491, 4536, 4574, 4620, 4674, 4699, 4722, 4752, 4774, 4821, 4852, 4882, 4936, 4974, 5043, 5075, 5112, 5143, 5181, 5228, 5256, 5289, 5348, 5381, 5431, 5464, 5496, 5544, 5572, 5604, 5638, 5702, 5751, 5794, 5837, 5880, 5908, 5981, 6040, 6068, 6116, 6174, 6222, 6254, 6302, 6335, 6409, 6458, 6522, 6581, 6631, 6665, 6692, 6740, 6804, 6847, 6895, 6943, 7009, 7058, 7101, 7150, 7198, 7226, 7269, 7318, 7361, 7388, 7446, 7489, 7516, 7565, 7615, 7649, 7692, 7727, 7775, 7802, 7835, 7915, 7943, 7976, 8009, 8057, 8090, 8123, 8150, 8193, 8242, 8270, 8320, 8347, 8375, 8418, 8482, 8503, 8521, 8549, 8592, 8640, 8683, 8731, 8763, 8797, 8824, 8851, 8883, 8947, 8991, 9040, 9089, 9147, 9190, 9233, 9291, 9334, 9362, 9410, 9438, 9465, 9514, 9563, 9627, 9671, 9736, 9769, 9819, 9852, 9902, 9975, 10024, 10089, 10136, 10184, 10232, 10296, 10329, 10362, 10410, 10438, 10471, 10514, 10541, 10568, 10633, 10667, 10726, 10753, 10786, 10835, 10878, 10906, 10971, 11014, 11041, 11100, 11173, 11217, 11281, 11324, 11351, 11394, 11468, 11511, 11570, 11597, 11624, 11652, 11695, 11728, 11777, 11825, 11852, 11910, 11944, 11971, 12014, 12058, 12117, 12150, 12184, 12227, 12260, 12309, 12343, 12386, 12419, 12446, 12490, 12564, 12628, 12671, 12714, 12779, 12822, 12886, 12930, 12973, 13022, 13072, 13105, 13137, 13180, 13255, 13303, 13335, 13399, 13448, 13513, 13579, 13643, 13702, 13744, 13787, 13836, 13895, 13938, 13966, 14015, 14063, 14090, 14118, 14176, 14219, 14247, 14275, 14302, 14336, 14363, 14390, 14423, 14465, 14493, 14551, 14594, 14638, 14685, 14728, 14755, 14788, 14815, 14843, 14870, 14897, 14971, 14998, 15025, 15053, 15116, 15143, 15186, 15213, 15246, 15311, 15344, 15387, 15435, 15468, 15527, 15570, 15597, 15624, 15652, 15685, 15749, 15782, 15815, 15848, 15875, 15919, 15976, 16009, 16027, 16070, 16103, 16130, 16203, 16237, 16264, 16328, 16392, 16425, 16490, 16539, 16586, 16647, 16711, 16752, 16837, 16882, 16914, 16975, 17022, 17076, 17113, 17167, 17189, 17228, 17250, 17319, 17365, 17388, 17425, 17456, 17502, 17525, 17547, 17570, 17608, 17646, 17668, 17730, 17761, 17815, 17837, 17875, 17913, 17951, 17974, 18004, 18042, 18065, 18087, 18125, 18163, 18200, 18238, 18284, 18307, 18345, 18367, 18390, 18412, 18434, 18488, 18526, 18548, 18610, 18650, 18704, 18783, 18837, 18876, 18930, 18968, 19013, 19051, 19112, 19158, 19196, 19242, 19280, 19349, 19402, 19426, 19464, 19518, 19563, 19602, 19655, 19686, 19747, 19793, 19832, 19897, 19951, 20013, 20075, 20137, 20183, 20245, 20307, 20353, 20391, 20469, 20496, 20556, 20599, 20627, 20693, 20751, 20795, 20868, 20902, 20936, 20985, 21028, 21087, 21135, 21178, 21226, 21269, 21296, 21324, 21357, 21414, 21472, 21531, 21580, 21638, 21681, 21724, 21773, 21806, 21850, 21909, 21952, 22016, 22064, 22112, 22176, 22234, 22283, 22331, 22406, 22472, 22520, 22579, 22622, 22666, 22725, 22814, 22857, 22921, 22999, 23077, 23142, 23206, 23249, 23297, 23361, 23410, 23485, 23559, 23592, 23656, 23690, 23719, 23762, 23789, 23865, 23914, 24008, 24066, 24124, 24188, 24236, 24269, 24313, 24346, 24388, 24431, 24482, 24541, 24590, 24633, 24707, 24749, 24792, 24841, 24900, 24933, 24981, 25024, 25068, 25110, 25168, 25195, 25223, 25266, 25314, 25341, 25390, 25453, 25512, 25545, 25609, 25657, 25700, 25750, 25792, 25840, 25899, 25927, 25960, 25993, 26057, 26121, 26154, 26243, 26276, 26351, 26394, 26442, 26491, 26550, 26624, 26672, 26705, 26763, 26827, 26891, 26939, 26986, 27050, 27093, 27168, 27202, 27251, 27299, 27348, 27412, 27471, 27536, 27609, 27637, 27655, 27703, 27761, 27819, 27877, 27904, 27947, 28006, 28055, 28089, 28138, 28188, 28252, 28317, 28375, 28434, 28461, 28504, 28568, 28611, 28659, 28709, 28757, 28831, 28894, 28936, 28970, 29029, 29062, 29106, 29154, 29221, 29264, 29313, 29377, 29435, 29499, 29543, 29601, 29674, 29764, 29822, 29887, 29952, 30015, 30080, 30128, 30163, 30227, 30291, 30371, 30451, 30478, 30551, 30584, 30649, 30698, 30790, 30817, 30866, 30930, 30976, 31037, 31083, 31145, 31191, 31253, 31315, 31361, 31407, 31468, 31514, 31576, 31638, 31714, 31775, 31823, 31870, 31931, 32008, 32054, 32131, 32191, 32237, 32284, 32344, 32398, 32483, 32545, 32591, 32637, 32683, 32746, 32791, 32885, 32933, 32978, 33040, 33117, 33179, 33210, 33257, 33289, 33367, 33429, 33492, 33540, 33617, 33695, 33773, 33821, 33882, 33929, 33969, 34015, 34091, 34153, 34215, 34276, 34322, 34368, 34430, 34475, 34521, 34583, 34645, 34706, 34768, 34814, 34875, 34936, 34982, 35028, 35074, 35135, 35189, 35220, 35242, 35307, 35334, 35362, 35410, 35458, 35523, 35602, 35676, 35750, 35799, 35842, 35900, 35943, 35986, 36060, 36103, 36152, 36185, 36243, 36292, 36356, 36445, 36494, 36542, 36605, 36678, 36752, 36795, 36858, 36907, 36985, 37063, 37101, 37154, 37208, 37239, 37278, 37316, 37354, 37385, 37408, 37430, 37453, 37507, 37553, 37599, 37621, 37652, 37697, 37720, 37758, 37797, 37835, 37866, 37904, 37935, 37966, 38004, 38042, 38088, 38134, 38157, 38195, 38226, 38248, 38271, 38309, 38347, 38393, 38415, 38468, 38491, 38529, 38551, 38590, 38620, 38697, 38735, 38821, 38874, 38928, 38967, 39004, 39066, 39104, 39135, 39203, 39226, 39249, 39271, 39309, 39347, 39416, 39447, 39478, 39516, 39538, 39576, 39637, 39668, 39699, 39745, 39806, 39867, 39898, 39944, 39990, 40043, 40090, 40160, 40213, 40259, 40305, 40350, 40412, 40434, 40456, 40477, 40532, 40577, 40615, 40661, 40699, 40721, 40744, 40790, 40813, 40836, 40866, 40888, 40934, 40988, 41026, 41079, 41117, 41147, 41184, 41207, 41245, 41276, 41307, 41329, 41367, 41406, 41459, 41482, 41504, 41566, 41589, 41611, 41649, 41687, 41724, 41770, 41816, 41885, 41915, 41938, 41961, 41999, 42022, 42060, 42097, 42128, 42174, 42220, 42258, 42304, 42358, 42381, 42426, 42465, 42517, 42587, 42633, 42678, 42732, 42778, 42801, 42823, 42885, 42908, 42946, 42993, 43039, 43092, 43137, 43183, 43220, 43258, 43304, 43350, 43396, 43457, 43488, 43581, 43654, 43702, 43750, 43799, 43863, 43912, 43955, 44018, 44061, 44104, 44163, 44241, 44300, 44327, 44375, 44419, 44467, 44495, 44537, 44565, 44598, 44647, 44674, 44693, 44742, 44785, 44818, 44877, 44904, 44947, 44990, 45034, 45077, 45124, 45188, 45267, 45300, 45349, 45392, 45456, 45521, 45567, 45660, 45721, 45767, 45844, 45882, 45942, 46019, 46081, 46172, 46249, 46326, 46371, 46418, 46480, 46527, 46603, 46665, 46727, 46803, 46910, 46956, 47032, 47124, 47170, 47231, 47277, 47323, 47369, 47431, 47515, 47585, 47631, 47684, 47730, 47792, 47839, 47884, 47937, 48014, 48060, 48120, 48197, 48243, 48289, 48350, 48396, 48442, 48488, 48549, 48611, 48673, 48742, 48789, 48850, 48896, 48957, 49019, 49080, 49142, 49172, 49218, 49280, 49341, 49386, 49432, 49509, 49555, 49607, 49645, 49669, 49722, 49743, 49766, 49788, 49832, 49871, 49896, 49917, 49996, 50029, 50074, 50116, 50146, 50185, 50238, 50272, 50312, 50350, 50394, 50429, 50461, 50499, 50536, 50563, 50588, 50641, 50685, 50713, 50740, 50784, 50814, 50849, 50887, 50921, 50956, 50980, 51024, 51052, 51083, 51116, 51146, 51173, 51217, 51248, 51290, 51333, 51370, 51428, 51472, 51502, 51543, 51570, 51597, 51628, 51656, 51684, 51720, 51749, 51780, 51812, 51841, 51886, 51917, 51947, 51975, 52000, 52033, 52078, 52112, 52176, 52225, 52267, 52295, 52342, 52390, 52453, 52487, 52534, 52598, 52647, 52705, 52799, 52857, 52899, 52963, 53041, 53103, 53141, 53187, 53234, 53256, 53310, 53364, 53410, 53456, 53501, 53554, 53600, 53684, 53730, 53776, 53814, 53875, 53921, 53951, 53989, 54028, 54051, 54104, 54127, 54158, 54204, 54226, 54272, 54318, 54341, 54394, 54447, 54478, 54531, 54585, 54623, 54661, 54691, 54737, 54760, 54791, 54837, 54875, 54898, 54953, 54999, 55033, 55060,