time = [0, 46, 123, 198, 274, 335, 381, 442, 488, 534, 611, 656, 702, 764, 810, 848, 870, 908, 982, 1030, 1064, 1106, 1163, 1253, 1310, 1353, 1412, 1455, 1513, 1541, 1599, 1626, 1659, 1701, 1749, 1776, 1840, 1883, 1926, 1969, 2002, 2065, 2107, 2135, 2177, 2220, 2252, 2301, 2328, 2377, 2409, 2458, 2506, 2548, 2575, 2617, 2650, 2739, 2812, 2860, 2918, 2950, 2993, 3057, 3116, 3158, 3216, 3279, 3326, 3374, 3438, 3486, 3519, 3567, 3631, 3690, 3732, 3759, 3787, 3814, 3841, 3868, 3896, 3938, 3965, 4008, 4056, 4098, 4141, 4184, 4211, 4243, 4270, 4297, 4339, 4366, 4409, 4436, 4463, 4496, 4539, 4571, 4599, 4641, 4684, 4726, 4769, 4796, 4822, 4849, 4883, 4910, 4953, 4979, 5022, 5080, 5107, 5134, 5176, 5203, 5231, 5258, 5285, 5317, 5390, 5438, 5466, 5524, 5566, 5600, 5642, 5685, 5728, 5776, 5818, 5851, 5894, 5921, 5963, 5997, 6055, 6082, 6171, 6229, 6272, 6330, 6377, 6435, 6462, 6510, 6543, 6607, 6671, 6750, 6798, 6846, 6910, 6957, 7030, 7063, 7090, 7117, 7144, 7186, 7229, 7256, 7304, 7347, 7374, 7416, 7481, 7524, 7583, 7610, 7653, 7680, 7707, 7755, 7783, 7857, 7898, 7941, 7967, 8025, 8067, 8095, 8143, 8185, 8212, 8239, 8267, 8309, 8352, 8379, 8411, 8459, 8517, 8544, 8571, 8598, 8625, 8674, 8733, 8796, 8844, 8871, 8914, 8957, 9021, 9079, 9121, 9169, 9196, 9244, 9301, 9328, 9360, 9387, 9446, 9473, 9521, 9579, 9627, 9676, 9708, 9751, 9809, 9867, 9915, 9978, 10037, 10125, 10189, 10252, 10331, 10389, 10437, 10495, 10528, 10555, 10598, 10640, 10688, 10730, 10757, 10800, 10817, 10860, 10902, 10961, 11019, 11062, 11105, 11132, 11165, 11207, 11234, 11291, 11349, 11414, 11457, 11484, 11517, 11550, 11577, 11609, 11652, 11700, 11765, 11838, 11865, 11893, 11926, 11959, 11986, 12034, 12092, 12134, 12192, 12225, 12258, 12306, 12348, 12405, 12432, 12474, 12507, 12550, 12608, 12635, 12678, 12726, 12769, 12796, 12829, 12877, 12925, 12968, 13010, 13073, 13121, 13164, 13229, 13261, 13294, 13337, 13400, 13449, 13506, 13554, 13618, 13681, 13724, 13766, 13808, 13866, 13893, 13936, 13969, 13996, 14023, 14086, 14129, 14172, 14215, 14258, 14285, 14312, 14339, 14381, 14408, 14434, 14477, 14525, 14559, 14586, 14613, 14650, 14688, 14742, 14809, 14855, 14893, 14946, 14984, 15022, 15044, 15081, 15119, 15157, 15179, 15225, 15262, 15300, 15346, 15392, 15429, 15451, 15497, 15535, 15572, 15602, 15624, 15677, 15746, 15799, 15851, 15874, 15912, 15950, 15988, 16041, 16079, 16101, 16123, 16145, 16191, 16229, 16283, 16337, 16382, 16431, 16473, 16507, 16549, 16592, 16654, 16748, 16811, 16875, 16984, 17043, 17101, 17159, 17232, 17280, 17328, 17370, 17397, 17456, 17498, 17541, 17599, 17658, 17716, 17743, 17770, 17835, 17877, 17936, 17979, 18027, 18069, 18096, 18138, 18181, 18208, 18250, 18293, 18335, 18409, 18458, 18500, 18543, 18585, 18629, 18677, 18766, 18808, 18835, 18899, 18926, 18968, 19017, 19060, 19117, 19166, 19230, 19273, 19315, 19342, 19400, 19472, 19520, 19583, 19610, 19643, 19721, 19769, 19802, 19861, 19896, 19944, 20002, 20050, 20097, 20160, 20238, 20302, 20366, 20408, 20457, 20504, 20532, 20574, 20617, 20650, 20708, 20751, 20778, 20826, 20869, 20911, 20954, 21012, 21060, 21092, 21150, 21177, 21220, 21278, 21310, 21353, 21395, 21422, 21480, 21529, 21578, 21636, 21663, 21690, 21717, 21744, 21771, 21814, 21872, 21929, 21972, 21999, 22047, 22095, 22127, 22169, 22227, 22274, 22339, 22381, 22429, 22492, 22525, 22583, 22632, 22659, 22702, 22729, 22778, 22805, 22864, 22927, 22970, 23028, 23087, 23144, 23208, 23281, 23329, 23403, 23462, 23536, 23600, 23648, 23712, 23760, 23818, 23867, 23916, 23990, 24053, 24117, 24175, 24218, 24246, 24273, 24321, 24348, 24374, 24417, 24475, 24518, 24561, 24594, 24636, 24663, 24705, 24764, 24806, 24865, 24907, 24950, 24992, 25035, 25083, 25132, 25159, 25217, 25266, 25308, 25335, 25399, 25442, 25484, 25533, 25590, 25638, 25695, 25738, 25781, 25839, 25882, 25940, 25983, 26041, 26084, 26126, 26175, 26222, 26286, 26328, 26371, 26414, 26487, 26549, 26597, 26661, 26725, 26772, 26820, 26868, 26916, 26979, 27043, 27085, 27133, 27160, 27187, 27229, 27256, 27299, 27362, 27404, 27468, 27510, 27568, 27617, 27690, 27717, 27745, 27802, 27835, 27877, 27936, 27978, 28005, 28069, 28101, 28173, 28231, 28289, 28347, 28390, 28448, 28536, 28579, 28653, 28695, 28758, 28822, 28886, 28947, 29009, 29069, 29130, 29192, 29252, 29314, 29375, 29437, 29483, 29543, 29621, 29698, 29789, 29881, 29941, 30017, 30063, 30154, 30230, 30279, 30358, 30420, 30483, 30526, 30553, 30580, 30607, 30634, 30661, 30703, 30761, 30804, 30846, 30888, 30915, 30957, 30984, 31011, 31054, 31087, 31113, 31140, 31173, 31200, 31243, 31275, 31308, 31366, 31424, 31456, 31504, 31553, 31596, 31644, 31671, 31698, 31725, 31752, 31779, 31806, 31848, 31875, 31895, 31937, 31964, 32027, 32075, 32124, 32167, 32193, 32220, 32263, 32322, 32349, 32413, 32446, 32473, 32515, 32578, 32652, 32700, 32758, 32800, 32827, 32854, 32918, 32966, 33014, 33094, 33152, 33215, 33257, 33330, 33374, 33431, 33479, 33527, 33575, 33623, 33670, 33703, 33752, 33800, 33827, 33869, 33902, 33945, 33972, 33999, 34042, 34074, 34107, 34134, 34167, 34209, 34236, 34263, 34306, 34349, 34391, 34424, 34451, 34478, 34521, 34548, 34581, 34629, 34679, 34736, 34778, 34836, 34894, 34927, 34970, 35019, 35052, 35079, 35111, 35154, 35180, 35207, 35250, 35292, 35334, 35377, 35426, 35473, 35531, 35558, 35593, 35625, 35668, 35711, 35738, 35797, 35824, 35866, 35930, 35978, 36020, 36047, 36090, 36148, 36190, 36218, 36282, 36325, 36352, 36394, 36427, 36470, 36503, 36530, 36587, 36635, 36683, 36746, 36787, 36836, 36884, 36947, 37011, 37074, 37107, 37149, 37175, 37208, 37251, 37294, 37337, 37379, 37427, 37454, 37481, 37508, 37551, 37593, 37651, 37710, 37752, 37795, 37822, 37879, 37897, 37961, 37988, 38031, 38074, 38132, 38159, 38186, 38233, 38260, 38303, 38346, 38378, 38421, 38454, 38481, 38523, 38566, 38593, 38625, 38652, 38685, 38713, 38755, 38788, 38846, 38879, 38928, 38986, 39035, 39078, 39120, 39178, 39221, 39264, 39291, 39333, 39376, 39403, 39436, 39464, 39507, 39565, 39613, 39645, 39709, 39742, 39789, 39838, 39887, 39920, 39968, 40025, 40073, 40153, 40212, 40260, 40308, 40356, 40403, 40446, 40473, 40500, 40527, 40560, 40603, 40645, 40672, 40705, 40738, 40786, 40813, 40840, 40899, 40947, 40974, 41017, 41044, 41102, 41135, 41193, 41225, 41258, 41291, 41370, 41413, 41440, 41488, 41530, 41563, 41590, 41632, 41675, 41702, 41744, 41786, 41813, 41872, 41890, 41948, 41975, 42017, 42090, 42148, 42190, 42224, 42281, 42329, 42371, 42398, 42441, 42489, 42516, 42574, 42633, 42660, 42702, 42729, 42771, 42814, 42846, 42879, 42927, 42976, 43018, 43061, 43134, 43176, 43240, 43298, 43361, 43409, 43457, 43505, 43552, 43600, 43633, 43681, 43729, 43785, 43829, 43871, 43921, 43969, 44012, 44034, 44056, 44094, 44124, 44193, 44230, 44276, 44306, 44329, 44375, 44428, 44459, 44528, 44550, 44581, 44618, 44641, 44679, 44701, 44747, 44793, 44815, 44852, 44890, 44928, 44958, 44995, 45023, 45050, 45123, 45151, 45209, 45258, 45301, 45343, 45370, 45429, 45493, 45551, 45584, 45632, 45675, 45707, 45734, 45782, 45809, 45873, 45900, 45933, 45975, 46033, 46081, 46130, 46173, 46205, 46263, 46326, 46383, 46416, 46495, 46543, 46602, 46681, 46729, 46776, 46825, 46889, 46952, 46999, 47078, 47121, 47180, 47222, 47265, 47308, 47356, 47414, 47457, 47489, 47531, 47558, 47601, 47643, 47701, 47728, 47777, 47819, 47878, 47921, 47948, 48011, 48044, 48102, 48134, 48161, 48204, 48263, 48305, 48348, 48396, 48444, 48471, 48545, 48603, 48645, 48672, 48699, 48741, 48774, 48832, 48875, 48938, 48981, 49024, 49083, 49157, 49200, 49243, 49276, 49324, 49367, 49409, 49457, 49484, 49511, 49559, 49632, 49690, 49749, 49798, 49840, 49888, 49931, 49974, 50006, 50054, 50102, 50150, 50197, 50245, 50319, 50382, 50445, 50524, 50567, 50616, 50665, 50692, 50735, 50782, 50825, 50883, 50946, 50974, 51001, 51044, 51102, 51175, 51218, 51260, 51304, 51347, 51390, 51448, 51496, 51529, 51572, 51598, 51641, 51699, 51757, 51815, 51889, 51932, 51974, 52033, 52076, 52118, 52176, 52239, 52282, 52325, 52397, 52424, 52482, 52514, 52557, 52599, 52641, 52689, 