time = [0, 61, 115, 207, 243, 294, 370, 406, 472, 553, 604, 672, 738, 799, 850, 901, 967, 1033, 1114, 1197, 1279, 1330, 1366, 1411, 1456, 1500, 1560, 1605, 1650, 1695, 1730, 1782, 1843, 1888, 1918, 1963, 2024, 2059, 2095, 2131, 2192, 2237, 2287, 2333, 2408, 2460, 2490, 2550, 2610, 2671, 2701, 2730, 2766, 2801, 2852, 2897, 2949, 3001, 3053, 3107, 3130, 3175, 3211, 3263, 3330, 3397, 3472, 3538, 3588, 3656, 3708, 3815, 3850, 3933, 4016, 4067, 4151, 4180, 4246, 4329, 4380, 4447, 4529, 4611, 4678, 4739, 4790, 4841, 4886, 4963, 5055, 5106, 5136, 5171, 5231, 5282, 5312, 5379, 5429, 5474, 5519, 5570, 5599, 5676, 5753, 5814, 5880, 5931, 6016, 6054, 6092, 6158, 6203, 6270, 6321, 6372, 6438, 6473, 6503, 6571, 6622, 6673, 6724, 6760, 6805, 6834, 6895, 6946, 6982, 7088, 7139, 7235, 7271, 7324, 7384, 7428, 7489, 7555, 7621, 7688, 7751, 7818, 7899, 7966, 8017, 8099, 8166, 8195, 8245, 8300, 8328, 8388, 8441, 8502, 8538, 8605, 8657, 8708, 8785, 8814, 8838, 8914, 8966, 9037, 9096, 9149, 9199, 9281, 9318, 9379, 9440, 9517, 9578, 9639, 9690, 9797, 9863, 9929, 10036, 10096, 10162, 10198, 10273, 10310, 10361, 10427, 10502, 10579, 10644, 10727, 10794, 10845, 10944, 11057, 11108, 11159, 11196, 11278, 11345, 11374, 11442, 11507, 11578, 11650, 11697, 11748, 11799, 11865, 11911, 11956, 12006, 12075, 12145];
pos = [0, 0, 0, 298, 517, 823, 1279, 1495, 1981, 2372, 2768, 3183, 3486, 3846, 4149, 4547, 4944, 5337, 5827, 6322, 6816, 7024, 7234, 7511, 7772, 8040, 8396, 8758, 8938, 9205, 9510, 9729, 10087, 10362, 10541, 10805, 11175, 11387, 11602, 11818, 12179, 12450, 12748, 13025, 13474, 13776, 14053, 14323, 14686, 15048, 15224, 15399, 15608, 15918, 16129, 16402, 16715, 16999, 17001, 17000, 17000, 16804, 16591, 16274, 15872, 15460, 15016, 14616, 14235, 13915, 13518, 12955, 12661, 12169, 11758, 11364, 10953, 10777, 10289, 9794, 9488, 9089, 8595, 8109, 7795, 7436, 7126, 6821, 6562, 6093, 5552, 5241, 5064, 4854, 4483, 4193, 4010, 3599, 3305, 3038, 2761, 2460, 2285, 1829, 1365, 1001, 606, 304, -3, -1, 0, 229, 513, 905, 1307, 1525, 1905, 2123, 2301, 2712, 3020, 3405, 3623, 3843, 4102, 4282, 4647, 4948, 5171, 5805, 6202, 6690, 6892, 7213, 7564, 7850, 8293, 8693, 9077, 9386, 9764, 10256, 10662, 11150, 11452, 11858, 12249, 12423, 12723, 13066, 13257, 13573, 13999, 14260, 14489, 14879, 15197, 15505, 15955, 16136, 16269, 16727, 17003, 17001, 17000, 17000, 16768, 16361, 16134, 15683, 15412, 14951, 14493, 14227, 13816, 13280, 12880, 12479, 11762, 11405, 11104, 10895, 10424, 10210, 9800, 9416, 9062, 8508, 8107, 7614, 7305, 6910, 6313, 5742, 5331, 5122, 4807, 4317, 4007, 3830, 3334, 3042, 2550, 2192, 1914, 1600, 1214, 909, 619, 363, -22, -1, 0];
vel = [0, 0, 0, 3, 6, 6, 6, 6, 7, 4, 7, 6, 4, 5, 5, 7, 6, 5, 6, 5, 6, 4, 5, 6, 5, 6, 5, 8, 4, 5, 8, 4, 5, 6, 5, 5, 6, 6, 5, 6, 5, 6, 5, 6, 5, 5, 9, 4, 6, 5, 5, 6, 5, 8, 4, 6, 6, 5, 0, 0, 0, -4, -5, -6, -6, -6, -5, -6, -7, -4, -7, -5, -8, -5, -4, -7, -4, -6, -7, -5, -6, -5, -6, -5, -4, -5, -6, -5, -5, -6, -5, -6, -5, -6, -6, -5, -6, -6, -5, -5, -6, -5, -6, -5, -6, -5, -5, -5, -3, 0, 0, 3, 6, 5, 7, 4, 5, 6, 5, 6, 6, 7, 4, 6, 5, 6, 5, 5, 6, 5, 7, 5, 5, 6, 5, 6, 7, 6, 5, 4, 6, 7, 5, 7, 5, 4, 5, 6, 6, 6, 6, 5, 8, 4, 6, 5, 6, 6, 5, 6, 5, 6, 5, 0, 0, 0, -4, -4, -6, -7, -4, -5, -7, -4, -8, -5, -6, -6, -6, -5, -4, -5, -6, -5, -8, -5, -4, -7, -6, -5, -4, -7, -6, -5, -8, -4, -8, -5, -4, -6, -7, -4, -6, -4, -5, -6, -7, -4, -6, -5, -7, 0, 0];
force = [0, 0, 0, 0, 0, 0, 0, 0, 0, 0, 0, 0, 0, 0, 0, 0, 0, 0, 0, 0, 0, 0, 0, 0, 0, 0, 0, 0, 0, 0, 0, 0, 0, 0, 0, 0, 0, 0, 0, 0, 0, 0, 0, 0, 0, 0, 0, 0, 0, 0, 0, 0, 0, 0, 0, 0, 0, 0, 0, 0, 0, 0, 0, 0, 0, 0, 0, 0, 0, 0, 0, 0, 0, 0, 0, 0, 0, 0, 0, 0, 0, 0, 0, 0, 0, 0, 0, 0, 0, 0, 0, 0, 0, 0, 0, 0, 0, 0, 0, 0, 0, 0, 0, 0, 0, 0, 0, 0, 0, 0, 0, 0, 0, 0, 0, 0, 0, 0, 0, 0, 0, 0, 0, 0, 0, 0, 0, 0, 0, 0, 0, 0, 0, 0, 0, 0, 0, 0, 0, 0, 0, 0, 0, 0, 0, 0, 0, 0, 0, 0, 0, 0, 0, 0, 0, 0, 0, 0, 0, 0, 0, 0, 0, 0, 0, 0, 0, 0, 0, 0, 0, 0, 0, 0, 0, 0, 0, 0, 0, 0, 0, 0, 0, 0, 0, 0, 0, 0, 0, 0, 0, 0, 0, 0, 0, 0, 0, 0, 0, 0, 0, 0, 0, 0, 0, 0, 0, 0, 0, 0, 0, 0, 0];
motCom = [1.29052, 1.29052, 1.29052, 5.90214, -0.82263, 6.5841, 5.57492, 5.08869, 8.11315, 3.43425, -1.53517, 8.34862, 4.02446, 7.14985, 4.95107, 5.9052, 5.27829, 5.96942, 5.1315, 5.51682, 3.89908, 6.7156, -0.0550459, -2.15291, 5.67278, 6.40367, 8.34862, 5.57798, 5.28746, 6.6208, 6.53823, -0.296636, 0.314985, 8.34862, 6.55352, 5.16208, 5.62691, 6.41284, 5.68807, 5.33639, 5.56881, 4.9633, 6.5474, -1.79511, -1.57492, 6.5841, -0.296636, 6.69113, 8.34862, 8.34862, 6.55963, 7.06728, 8.34862, 8.34862, 6.20795, 8.34862, 4.06728, 2.00917, 0.7737, 0.525994, 0.510703, -7.46483, -7.49847, -8.34862, -8.34862, 3.01223, -4.03058, -4.82263, -8.34862, -6.69725, -5.90826, -8.34862, -4.19878, -8.34862, -4.85015, -6.0367, -8.34862, -5.97248, 1.34557, 1.5474, -8.34862, -8.34862, -8.34862, -8.34862, -4.52599, -8.14373, 2.23242, -3.26911, -0.926606, -8.34862, -7.6422, 0.116208, -6.63609, 1.37615, -2.92355, -6.30581, -5.42508, -2.89602, -8.34862, -7.23853, -4.71254, 2.39144, -7.19572, -5.60245, -4.95413, -5.5841, -8.34862, -8.34862, 0.899083, 1.04893, 1.11315, 4.37615, 4.8104, 7.76758, 4.85933, 7.19572, 8.34862, 5.5107, 7.02446, 5.60856, 4.30275, 8.16514, 6.27829, 4.02141, 8.34862, -0.908257, 5.66055, 7.19572, -2.07339, -1.90826, 6.27829, 5.08869, 8.34862, 3.44037, 1.47706, 7.14985, 5.07034, 5.13456, 0.908257, 8.34862, 7.19572, 0.314985, 8.34862, 3.60245, 5.00917, 4.54434, 6.68196, -0.296636, 8.34862, 8.07951, 6.5841, 8.14373, -2.46483, 6.88991, 4.0948, 7.92661, -1.97859, 3.44954, 4.97859, 3.51376, 6.08563, 7.52599, 0.957187, -0.0642202, -0.0152905, -0.0152905, -4.38226, -3.52905, -8.34862, -5.82263, -3.82875, -6.24465, -5.29052, 0.437309, -3.56269, -8.34862, -5.56575, -8.34862, -0.568807, -1.11009, -8.34862, -2.70948, 1.04281, 1.12232, -2.63303, -5.83486, -2.9633, -5.56575, -8.07645, -4.86544, -5.23853, -5.1682, -7.30887, 0.382263, -8.34862, 2.35474, -8.34862, -3.18654, -8.34862, -3.19878, -8.34862, -5.34251, -7.19572, -6.83486, -1.13761, -5.87462, -6.63609, -8.34862, -3.29969, -8.34862, -0.217125, 0.406728, 0.327217];
desvel = [0, 5, 5, 5, 5, 5, 5, 5, 5, 5, 5, 5, 5, 5, 5, 5, 5, 5, 5, 5, 5, 5, 5, 5, 5, 5, 5, 5, 5, 5, 5, 5, 5, 5, 5, 5, 5, 5, 5, 5, 5, 5, 5, 5, 5, 5, 5, 5, 5, 5, 5, 5, 5, 5, 5, 5, 5, 5, 5, 5, -5, -5, -5, -5, -5, -5, -5, -5, -5, -5, -5, -5, -5, -5, -5, -5, -5, -5, -5, -5, -5, -5, -5, -5, -5, -5, -5, -5, -5, -5, -5, -5, -5, -5, -5, -5, -5, -5, -5, -5, -5, -5, -5, -5, -5, -5, -5, -5, -5, -5, 5, 5, 5, 5, 5, 5, 5, 5, 5, 5, 5, 5, 5, 5, 5, 5, 5, 5, 5, 5, 5, 5, 5, 5, 5, 5, 5, 5, 5, 5, 5, 5, 5, 5, 5, 5, 5, 5, 5, 5, 5, 5, 5, 5, 5, 5, 5, 5, 5, 5, 5, 5, 5, 5, 5, -5, -5, -5, -5, -5, -5, -5, -5, -5, -5, -5, -5, -5, -5, -5, -5, -5, -5, -5, -5, -5, -5, -5, -5, -5, -5, -5, -5, -5, -5, -5, -5, -5, -5, -5, -5, -5, -5, -5, -5, -5, -5, -5, -5, -5, -5, -5, -5];
