time = [0, 14, 52, 87, 148, 198, 259, 325, 361, 390, 435, 481, 517, 546, 606, 651, 681, 717, 783, 819, 855, 905, 951, 1016, 1052, 1097, 1147, 1183, 1264, 1294, 1338, 1389, 1419, 1480, 1515, 1545, 1575, 1610, 1677, 1728, 1779, 1855, 1916, 1945, 2011, 2117, 2168, 2228, 2258, 2302, 2369, 2429, 2481, 2562, 2607, 2658, 2693, 2738, 2789, 2870, 2953, 3022, 3105, 3156, 3284, 3319, 3386, 3453, 3503, 3539, 3590, 3650, 3742, 3819, 3863, 3899, 3950, 4010, 4077, 4127, 4178, 4244, 4312, 4363, 4414, 4464, 4500, 4545, 4612, 4678, 4729, 4789, 4840, 4891, 4998, 5064, 5115, 5166, 5217, 5252, 5328, 5395, 5492, 5537, 5588, 5639, 5689, 5734, 5779, 5831, 5881, 5964, 6017, 6102, 6156, 6232, 6298, 6380, 6461, 6543, 6610, 6685, 6729, 6765, 6817, 6846, 6876, 6937, 6982, 7011, 7078, 7145, 7212, 7262, 7292, 7358, 7402, 7499, 7560, 7626, 7677, 7722, 7798, 7849, 7894, 7940, 8000, 8066, 8111, 8161, 8191, 8242, 8272, 8338, 8419, 8480, 8557, 8601, 8678, 8729, 8789, 8824, 8891, 8926, 8955, 8990, 9074, 9174, 9228, 9279, 9361, 9396, 9478, 9514, 9564, 9645, 9712, 9793, 9875, 9958, 10024, 10068, 10114, 10165, 10256, 10317, 10352, 10389, 10464, 10541, 10607, 10682, 10728, 10809, 10854, 10899, 10944, 11004, 11039, 11068, 11120, 11196, 11225, 11292, 11337, 11387, 11453, 11514, 11564, 11625, 11676, 11758, 11825, 11876, 11905, 11951, 12017, 12053, 12106, 12175, 12262, 12344, 12373, 12424, 12506, 12588, 12654, 12690, 12735, 12785, 12846, 12881, 12932, 12998, 13064, 13161, 13241, 13307, 13358, 13394, 13445, 13496, 13562, 13623, 13668, 13728, 13788, 13840, 13876, 13936, 13997, 14074, 14149, 14184, 14213, 14274, 14318, 14364, 14400, 14482, 14562, 14638, 14688, 14732, 14777, 14828, 14895, 14945, 14975, 15041, 15092, 15142, 15226, 15279, 15348, 15414, 15480, 15510, 15602, 15653, 15698, 15744, 15773, 15833, 15924, 16007, 16073, 16155, 16206, 16288, 16338, 16419, 16486, 16568, 16619, 16686, 16746, 16853, 16914, 16974, 17034, 17095, 17145, 17190, 17257, 17323, 17404, 17465, 17515, 17576, 17621, 17651, 17743, 17793, 17838, 17914, 17965, 18001, 18067, 18117, 18178, 18232, 18286, 18325, 18360, 18436, 18465, 18516, 18568, 18629, 18664, 18731, 18813, 18842, 18893, 18944, 18989, 19040, 19090, 19151, 19233, 19299, 19344, 19380, 19416, 19481, 19563, 19645, 19726, 19793, 19875, 19956, 20022, 20082, 20117, 20152, 20213, 20258, 20308, 20369, 20429, 20475, 20519, 20570, 20606, 20641, 20717, 20746, 20797, 20848, 20909, 20945, 20990, 21050, 21095, 21146, 21199, 21236, 21304, 21342, 21394, 21455, 21521, 21603, 21647, 21682, 21749, 21800, 21851, 21944, 21994, 22024, 22053, 22119, 22185, 22230, 22322, 22388, 22434, 22494, 22576, 22642, 22709, 22745, 22811, 22861, 22912, 22994, 23076, 23173, 23255, 23320, 23387, 23469, 23549, 23599, 23650, 23686, 23762, 23812, 23889, 23940, 23976, 24021, 24087, 24154, 24215, 24253, 24307];
pos = [0, 0, 0, 144, 594, 813, 1264, 1562, 1779, 1955, 2230, 2506, 2721, 2888, 3244, 3530, 3707, 3905, 4312, 4531, 4736, 5043, 5317, 5709, 5909, 6192, 6490, 6795, 7192, 7367, 7635, 7936, 8111, 8484, 8696, 8868, 9045, 9254, 9755, 9967, 10358, 10725, 11085, 11266, 11752, 12296, 12598, 12958, 13134, 13493, 13799, 14164, 14559, 14954, 15226, 15526, 15745, 16006, 16410, 16897, 17001, 17000, 17000, 16768, 16095, 15870, 15472, 15092, 14773, 14569, 14152, 13794, 13338, 12894, 12612, 12409, 12101, 11637, 11342, 11042, 10739, 10336, 9937, 9626, 9321, 9014, 8806, 8538, 8047, 7744, 7441, 7080, 6771, 6465, 5736, 5431, 5124, 4823, 4522, 4213, 3762, 3364, 2790, 2605, 2303, 1998, 1694, 1427, 1155, 843, 543, 51, -3, 0, 0, 383, 787, 1277, 1762, 2249, 2652, 3009, 3277, 3489, 3799, 3976, 4243, 4516, 4788, 4966, 5357, 5760, 6249, 6468, 6733, 7035, 7305, 7878, 8241, 8642, 8947, 9213, 9674, 9979, 10248, 10518, 10872, 11365, 11541, 11841, 12024, 12327, 12504, 12993, 13385, 13751, 14210, 14565, 15027, 15239, 15601, 15900, 16209, 16418, 16593, 16893, 17001, 17000, 17000, 16760, 16361, 16149, 15661, 15450, 15060, 14661, 14170, 13682, 13192, 12701, 12397, 12130, 11856, 11462, 11009, 10640, 10429, 10208, 9758, 9303, 8907, 8457, 8181, 7693, 7429, 7157, 6889, 6524, 6320, 6142, 5836, 5381, 5202, 4807, 4534, 4143, 3845, 3476, 3173, 2815, 2417, 2016, 1616, 1314, 1136, 777, 470, 160, -14, 0, 1, 35, 222, 628, 1121, 1515, 1911, 2128, 2488, 2700, 3062, 3271, 3576, 4067, 4458, 5037, 5520, 5906, 6129, 6345, 6648, 6953, 7350, 7712, 7985, 8340, 8700, 9012, 9222, 9587, 9952, 10405, 10857, 11066, 11243, 11697, 11869, 12148, 12357, 12943, 13334, 13872, 14079, 14348, 14620, 14919, 15321, 15626, 15804, 16294, 16502, 16890, 17002, 17000, 16999, 16770, 16359, 16184, 15640, 15332, 15060, 14793, 14619, 14161, 13622, 13129, 12731, 12322, 11933, 11538, 11133, 10656, 10254, 9761, 9456, 9063, 8704, 8155, 7795, 7432, 7068, 6701, 6407, 6039, 5740, 5253, 4843, 4483, 4181, 3815, 3554, 3380, 2820, 2525, 2261, 1796, 1493, 1280, 892, 583, 221, -4, -1, 0, 153, 503, 682, 992, 1307, 1664, 1974, 2281, 2769, 2947, 3339, 3547, 3820, 4211, 4428, 4792, 5281, 5677, 5949, 6162, 6371, 6856, 7346, 7836, 8326, 8725, 9205, 9694, 9998, 10359, 10568, 10780, 11143, 11408, 11713, 12077, 12433, 12711, 12974, 13277, 13494, 13709, 14153, 14335, 14641, 14944, 15314, 15523, 15793, 16159, 16413, 16728, 17022, 17002, 17000, 17000, 16957, 16485, 16177, 15697, 15428, 15227, 14735, 14521, 14214, 13663, 13349, 13176, 12998, 12605, 12210, 11940, 11388, 10903, 10629, 10353, 9783, 9466, 9077, 8861, 8465, 8076, 7856, 7275, 6782, 6205, 5718, 5328, 5023, 4438, 4042, 3746, 3444, 3137, 2779, 2475, 2006, 1702, 1489, 1225, 817, 436, 71, -2, 0];
vel = [0, 0, 0, 4, 7, 4, 7, 4, 6, 6, 6, 6, 5, 5, 5, 6, 5, 5, 6, 6, 5, 6, 5, 6, 5, 6, 5, 8, 4, 5, 6, 5, 5, 6, 6, 5, 5, 5, 7, 4, 7, 4, 5, 6, 7, 5, 5, 6, 5, 8, 4, 6, 7, 4, 6, 5, 6, 5, 7, 6, 1, 0, 0, -4, -5, -6, -5, -5, -6, -5, -8, -5, -4, -5, -6, -5, -6, -7, -4, -6, -5, -6, -5, -6, -5, -6, -5, -5, -7, -4, -5, -6, -6, -6, -6, -4, -6, -5, -5, -8, -5, -5, -5, -4, -5, -5, -6, -5, -6, -6, -6, -5, -1, 0, 0, 5, 6, 5, 5, 5, 6, 4, 6, 5, 5, 6, 8, 4, 6, 6, 5, 6, 7, 4, 8, 4, 6, 5, 5, 6, 5, 5, 6, 5, 5, 5, 5, 7, 3, 6, 6, 5, 5, 7, 4, 6, 5, 8, 6, 4, 6, 8, 4, 5, 6, 8, 1, 0, 0, -4, -4, -6, -5, -5, -7, -4, -7, -6, -5, -5, -4, -6, -5, -7, -4, -6, -6, -5, -6, -5, -6, -6, -6, -6, -5, -6, -5, -6, -5, -6, -5, -5, -6, -5, -6, -7, -4, -6, -6, -5, -7, -4, -5, -5, -6, -7, -4, -8, -3, 0, 0, 0, 6, 7, 6, 4, 6, 6, 8, 4, 5, 5, 5, 7, 5, 5, 6, 5, 4, 6, 5, 5, 6, 5, 6, 5, 6, 6, 5, 6, 5, 5, 6, 5, 6, 7, 3, 6, 5, 7, 4, 7, 4, 6, 6, 5, 6, 6, 5, 7, 4, 7, 1, 0, 0, -3, -6, -5, -5, -6, -6, -5, -6, -7, -5, -5, -6, -4, -7, -4, -8, -5, -6, -6, -5, -5, -5, -5, -5, -6, -6, -6, -5, -8, -4, -7, -5, -5, -6, -6, -5, -5, -6, -5, -5, -6, -5, -5, -5, -6, -5, -4, 0, 0, 4, 4, 6, 6, 6, 5, 8, 4, 5, 6, 7, 4, 6, 7, 4, 5, 5, 6, 6, 5, 5, 7, 5, 5, 6, 5, 5, 6, 4, 6, 5, 6, 5, 5, 6, 5, 5, 6, 5, 5, 6, 6, 5, 6, 6, 5, 6, 5, 6, 6, 5, 6, 5, 0, 0, 0, 0, -7, -4, -5, -6, -5, -7, -4, -6, -5, -6, -5, -6, -5, -5, -6, -6, -7, -5, -4, -6, -4, -5, -6, -6, -7, -4, -7, -6, -5, -5, -6, -4, -7, -4, -5, -5, -8, -4, -6, -6, -5, -5, -5, -6, -5, -5, -1, 0];
