time = [0, 136, 287, 448, 585, 730, 891, 1020, 1166, 1320, 1457, 1610, 1740, 1893, 2023, 2152, 2281, 2464, 2594, 2731, 2884, 3029, 3181, 3356, 3509, 3661, 3821, 3989, 4119, 4272, 4410, 4547, 4700, 4829, 4967, 5127, 5264, 5409, 5554, 5729, 5873, 6034, 6202, 6339, 6498, 6674, 6811, 6986, 7122, 7249, 7392, 7521, 7656, 7779, 7921, 8032, 8153, 8273, 8400, 8542, 8667, 8826, 8953, 9080, 9192, 9319, 9462, 9574, 9702, 9832, 9961, 10106, 10252, 10396, 10508, 10618, 10729, 10841, 10969, 11104, 11216, 11358, 11508, 11635, 11763, 11875, 11995, 12124, 12251, 12408, 12521, 12640, 12767, 12895, 13038, 13175, 13304, 13448, 13579, 13724, 13852, 13994, 14106, 14249, 14375, 14489, 14617, 14746, 14860, 14986, 15115, 15251, 15380, 15523, 15643, 15770, 15892, 16068, 16243, 16386, 16514, 16651, 16815, 16952, 17089, 17219, 17361, 17486, 17598, 17751, 17880, 17992, 18120, 18247, 18360, 18489, 18601, 18713, 18871, 18983, 19118, 19245, 19382, 19525, 19653, 19782, 19894, 20039, 20186, 20360, 20498, 20633, 20785, 20945, 21083, 21228, 21380, 21510, 21622, 21741, 21852, 22011, 22123, 22250, 22393, 22505, 22635, 22762, 22921, 23065, 23194, 23331, 23505, 23658, 23786, 23912, 24039, 24166, 24277, 24390, 24500, 24627, 24754, 24866, 24979, 25099, 25217, 25330, 25459, 25595, 25715, 25842, 25961, 26106, 26250, 26378, 26508, 26628, 26780, 26925, 27078, 27206, 27318, 27437, 27547, 27658, 27788, 27933, 28060, 28179, 28300, 28420, 28562, 28673, 28786, 28912, 29032, 29161, 29274, 29386, 29511, 29625, 29753, 29891, 30028, 30196, 30355, 30490, 30618, 30746, 30875, 31030, 31160, 31305, 31434, 31564, 31717, 31854, 31984, 32128, 32273, 32426, 32569, 32714, 32858, 33004, 33148, 33323, 33498, 33649, 33839, 33975, 34105, 34249, 34378, 34532, 34685, 34829, 34967, 35119, 35272, 35410, 35561, 35705, 35834, 35972, 36101, 36230, 36405, 36581, 36756, 36923, 37076, 37208, 37345, 37497, 37627, 37756, 37909, 38046, 38206, 38343, 38480, 38617, 38784, 38952, 39112, 39295, 39432, 39570, 39699, 39829, 39981, 40140, 40285, 40459, 40613, 40734, 40858, 40995, 41132, 41278, 41415, 41544, 41674, 41803, 41972, 42118, 42263, 42392, 42561, 42705, 42849, 43017, 43178, 43338, 43490, 43642, 43818, 43962, 44114, 44266, 44420, 44573, 44725, 44863, 45007, 45144, 45282, 45419, 45571, 45702, 45847, 45984, 46129, 46296, 46471, 46608, 46798, 46973, 47125, 47269, 47423, 47559, 47688, 47842, 47995, 48125, 48270, 48422, 48567, 48704, 48849, 48978, 49123, 49245, 49397, 49550, 49681, 49825, 49969, 50107, 50297, 50434, 50587, 50717, 50869, 51021, 51175, 51312, 51442, 51586, 51715, 51852, 51990, 52127, 52272, 52433, 52578, 52723, 52883, 53027, 53164, 53301, 53492, 53651, 53826, 54001, 54139, 54268, 54421, 54568, 54721, 54866, 55019, 55149, 55294, 55440, 55569, 55722, 55882, 56027, 56195, 56340, 56515, 56676, 56852, 57041, 57200, 57361, 57498, 57627, 57780, 57909, 58047, 58185, 58314, 58451, 58605, 58764, 58923, 59060, 59205, 59350, 59494, 59647, 59808, 59938, 60090, 60250, 60394, 60532, 60676, 60813, 60966, 61113, 61250, 61379, 61509, 61645, 61790, 61941, 62094, 62247, 62378, 62507, 62644, 62796, 62940, 63071, 63200, 63367, 63519, 63687, 63838, 63968, 64096, 64240, 64383, 64496, 64609, 64719, 64861, 64982, 65094, 65219, 65353, 65466, 65601, 65728, 65839, 65967, 66078, 66212, 66357, 66487, 66622, 66777, 66905, 67050, 67180, 67305, 67431, 67550, 67676, 67818, 67929, 68073, 68199, 68310, 68422, 68533, 68660, 68802, 68915, 69028, 69156, 69283, 69402, 69528, 69671, 69785, 69959, 70109, 70231, 70368, 70514, 70641, 70770, 70913, 71040, 71167, 71293, 71406, 71533, 71674, 71834, 71954, 72081, 72209, 72353, 72483, 72627, 72739, 72880, 73000, 73130, 73273, 73401, 73538, 73660, 73797, 73933, 74060, 74171, 74282, 74393, 74538, 74664, 74791, 74903, 75016, 75160, 75287, 75420, 75571, 75698, 75827, 75955, 76083, 76218, 76344, 76486, 76606, 76735, 76848, 76985, 77122, 77281, 77405, 77519, 77646, 77798, 77940, 78083, 78195, 78346, 78497, 78615, 78742, 78870, 79022, 79151, 79301, 79428, 79549, 79675, 79813, 79941, 80070, 80199, 80351, 80504, 80633, 80745, 80856, 80982, 81111, 81237, 81348, 81489, 81630, 81741, 81852, 81989, 82101, 82215, 82373, 82526, 82652, 82764, 82906, 83034, 83170, 83306, 83456, 83585, 83729, 83866, 83994, 84107, 84242, 84353, 84496, 84638, 84748, 84875, 85003, 85130, 85244, 85372, 85507, 85620, 85747, 85890, 86019, 86132, 86292, 86435, 86594, 86739, 86867, 86995, 87149, 87293, 87444, 87555, 87665, 87809, 87935, 88047, 88174, 88285, 88397, 88523, 88658, 88778, 88921, 89056, 89199, 89312, 89425, 89570, 89682, 89804, 89955, 90084, 90214, 90352, 90520, 90664, 90775, 90909, 91020, 91131, 91245, 91356, 91483, 91594, 91716, 91837, 91966, 92123, 92234, 92364, 92493, 92620, 92732, 92873, 92993, 93131, 93260, 93404, 93527, 93671, 93785, 93946, 94082, 94195, 94320, 94495, 94606, 94716, 94826, 94954, 95079, 95205, 95355, 95465, 95576, 95720, 95863, 96013, 96126, 96240, 96366, 96525, 96661, 96805, 96939, 97098, 97266, 97408, 97543, 97670, 97781, 97909, 98036, 98148, 98284, 98410, 98538, 98650, 98760, 98903, 99039, 99197, 99340, 99466, 99608, 99728, 99872, 100016, 100143, 100280, 100425, 100554, 100666, 100793, 100905, 101031, 101142, 101269, 101396, 101509, 101659, 101785, 101936, 102078, 102189, 102317, 102445, 102580, 102723, 102881, 102992, 103104, 103241, 103374, 103485, 103629, 103781, 103918, 104046, 104174, 104286, 104430, 104551, 104678, 104805, 104934, 105061, 105207, 105333, 105444, 105555, 105684, 105812, 105955, 106083, 106195, 106337, 106449, 106600, 106714, 106841, 106985, 107107, 107252, 107394, 107522, 107649, 107761, 107912, 108031, 108175, 108304, 108432, 108543, 108655, 108774, 108901, 109014, 109134, 109246, 109390, 109511, 109661, 109806, 109950, 110071, 110227, 110355, 110477, 110636, 110779, 110905, 111030, 111167, 111300, 111482, 111603, 111746, 111866, 112023, 112148, 112273, 112402, 112559, 112694, 112820, 112963, 113073, 113194, 113346, 113459, 113571, 113685, 113830, 113967, 114127, 114263, 114381, 114492, 114620, 114748, 114875, 115008, 115120, 115231, 115358, 115484, 115594, 115707, 115852, 115970, 116113, 116249, 116361, 116502, 116640, 116766, 116902, 117048, 117216, 117345, 117463, 117591, 117702, 117830, 117956, 118066, 118195, 118314, 118426, 118545, 118655, 118766, 118909, 119023, 119137, 119249, 119361, 119496, 119608, 119743, 119872, 120008, 120137, 120289, 120425, 120562, 120706, 120843, 120954, 121064, 121192, 121319, 121471, 121584, 121694, 121804, 121947, 122090, 122233, 122361, 122520, 122632, 122753, 122880, 123038, 123166, 123312, 123456, 123568, 123704, 123849, 123985, 124121, 124234, 124346, 124467, 124578, 124706, 124832, 124945, 125057, 125188, 125299, 125410, 125522, 125648, 125798, 125942, 126054, 126175, 126304, 126416, 126544, 126672, 126801, 126944, 127066, 127212, 127341, 127453, 127565, 127675, 127803, 127913, 128024, 128136, 128266, 128376, 128512, 128652, 128796, 128924, 129036, 129148, 129291, 129419, 129553, 129711, 129839, 129967, 130095, 130238, 130376, 130505, 130642, 130787, 130929, 131048, 131175, 131332, 131459, 131586, 131700, 131811, 131954, 132090, 132219, 132346, 132475, 132625, 132739, 132866, 132994, 133105, 133233, 133348, 133492, 133635, 133757, 133885, 134025, 134151, 134269, 134395, 134523, 134636, 134761, 134888, 134999, 135120];
