sen1200 = [61185, 61441, 61441, 61441, 61441, 61441, 61441, 61441, 61441, 61441, 61441, 61441, 61441, 61441, 61441, 61441, 61441, 61441, 61441, 61441, 61441, 61441, 61441, 61441, 61441, 61441, 61441, 61441, 61441, 61441, 61441, 61441, 61441, 61441, 61441, 61441, 61441, 61185, 61441, 61441, 61441, 61441, 61441, 61185, 61441, 61185, 61185, 61441, 61441, 61441, 61441, 61441, 61441, 61441, 61441, 61441, 61441, 61441, 61185, 61185, 61185, 61441, 61185, 61185, 61441, 61441, 61441, 61441, 61185, 61185, 61185, 61185, 61185, 61185, 61185, 61185, 61185, 61441, 61185, 61185, 61185, 61185, 61185, 61185, 61185, 61185, 61185, 61185, 61185, 61185, 61185, 61185, 61185, 61185, 61185, 61185, 61185, 61185, 61185, 61185, 61185, 61185, 61185, 61185, 61185, 61185, 61185, 61185, 61185, 61185, 61185, 61185, 61185, 61185, 61185, 61185, 61185, 61185, 61185, 61185, 61185, 61185, 61185, 61185, 61185, 61185, 61185, 61185, 61185, 61185, 61185, 61185, 61185, 61185, 61185, 61185, 61185, 61185, 61185, 61185, 61185, 61185, 61185, 61185, 61185, 61185, 61185, 61185, 61185, 61185, 61185, 61185, 61185, 61185, 61185, 61185, 61185, 61185, 61185, 61185, 61185, 61185, 61185, 61185, 61185, 61185, 61185, 61185, 61185, 61185, 61185, 61185, 61185, 61185, 61185, 61185, 61185, 61185, 61185, 61185, 61185, 61185, 61185, 61185, 61185, 61185, 61185, 61185, 61185, 61185, 61185, 61185, 61185, 61185, 61185, 61185, 61185, 61441, 61441, 61185];
