sen1550 = [2563, 2563, 2563, 2563, 2563, 2563, 2563, 2563, 2563, 2563, 2563, 2563, 2563, 2563, 2563, 2563, 2307, 2307, 2563, 2307, 2563, 2563, 2307, 2307, 2307, 2563, 2563, 2307, 2307, 2307, 2307, 2307, 2307, 2307, 2307, 2307, 2307, 2563, 2563, 2563, 2307, 2307, 2563, 2563, 2563, 2563, 2563, 2563, 2563, 2563, 2307, 2563, 2563, 2563, 2563, 2563, 2563, 2563, 2563, 2563, 2307, 2563, 2563, 2563, 2307, 2307, 2307, 2307, 2307, 2563, 2563, 2307, 2307, 2307, 2307, 2307, 2307, 2307, 2307, 2307, 2307, 2307, 2307, 2307, 2307, 2307, 2307, 2307, 2307, 2563, 2307, 2307, 2563, 2563, 2563, 2563, 2307, 2563, 2563, 2563, 2563, 2307, 2307, 2307, 2307, 2307, 2563, 2307, 2563, 2307, 2307, 2563, 2307, 2307, 2563, 2307, 2307, 2307, 2307, 2307, 2307, 2307, 2307, 2307, 2307, 2307, 2307, 2307, 2307, 2307, 2307, 2307, 2307, 2307, 2307, 2307, 2307, 2307, 2307, 2307, 2307, 2307, 2307, 2307, 2307, 2307, 2307, 2307, 2307, 2307, 2307, 2307, 2307, 2307, 2307, 2307, 2307, 2307, 2307, 2307, 2307, 2307, 2307, 2307, 2307, 2307, 2307, 2307, 2307, 2307, 2307, 2307, 2307, 2307, 2307, 2307, 2307, 2307, 2307, 2307, 2307, 2307, 2307, 2563, 2307, 2307, 2307, 2307, 2307, 2307, 2307, 2307, 2307, 2307, 2307, 2307, 2307, 2307, 2307, 2307];
