sen250 = [62718, 62718, 62718, 62718, 62718, 62718, 62718, 62718, 62718, 62718, 62718, 62718, 62718, 62718, 62718, 62718, 62718, 62718, 62718, 62718, 62718, 62718, 62718, 62718, 62718, 62718, 62718, 62718, 62718, 62718, 62718, 62718, 62718, 62718, 62718, 62718, 62718, 62718, 62718, 62718, 62718, 62718, 62718, 62718, 62974, 62718, 62718, 62718, 62718, 62718, 62718, 62718, 62718, 62718, 62718, 62718, 62718, 62718, 62718, 62718, 62718, 62718, 62718, 62718, 62718, 62718, 62718, 62718, 62974, 62718, 62718, 62718, 62974, 62718, 62974, 62718, 62718, 62718, 62718, 62974, 62718, 62718, 62718, 62718, 62718, 62718, 62718, 62974, 62974, 62974, 62974, 62974, 62974, 62974, 62974, 62974, 62974, 62974, 62974, 62974, 62974, 62974, 62974, 62718, 62974, 62974, 62718, 62718, 62974, 62718, 62974, 62974, 62718, 62718, 62718, 62718, 62718, 62718, 62718, 62718, 62718, 62974, 62974, 62974, 62974, 62974, 62974, 62974, 62974, 62974, 62974, 62974, 62974, 62974, 62974, 62974, 62974, 62718, 62718, 62718, 62718, 62718, 62718, 62718, 62718, 62718, 62718, 62718, 62718, 62718, 62718, 62718, 62718, 62974, 62974, 62974, 62974, 62974, 62974, 62718, 62974, 62974, 62974, 62974, 62974, 62974, 62974, 62974, 62974, 62974, 62974, 62974, 62974, 62974, 62974, 62974, 62974, 62974, 62974, 62974, 62974, 62974, 62974, 62974, 62974, 62974, 62974, 62974, 62718, 62718, 62718, 62718, 62718, 62718, 62718, 62718, 62974, 62718, 62974, 62974];
