sen266 = [2815, 2815, 2815, 2815, 2815, 2815, 2815, 2815, 2815, 2815, 2815, 2815, 2815, 2815, 2815, 2815, 2815, 2815, 3071, 2815, 2815, 2815, 2815, 2815, 2815, 2815, 2815, 2815, 2815, 2815, 2815, 2815, 2815, 2815, 2815, 2815, 2815, 2815, 2815, 2815, 2815, 2815, 3071, 3071, 3071, 3071, 3071, 3071, 3071, 3071, 3071, 3071, 3071, 3071, 3071, 3071, 3071, 3071, 3071, 3071, 3071, 3071, 3071, 3071, 3071, 3071, 3071, 3071, 3071, 3071, 3071, 3071, 3071, 3071, 3071, 3071, 3071, 3071, 3071, 3071, 3071, 3071, 3071, 3071, 3071, 3071, 3327, 3071, 3071, 3071, 3071, 3071, 3071, 3071, 3071, 3071, 3071, 3071, 3071, 3071, 3071, 3327, 3071, 3071, 3071, 3071, 3071, 3071, 3071, 3071, 3071, 3071, 3327, 3327, 3327, 3327, 3071, 3071, 3071, 3071, 3327, 3327, 3071, 3327, 3071, 3071, 3071, 3327, 3071, 3071, 3071, 3071, 3071, 3071, 3071, 3071, 3071, 3071, 3071, 3071, 3071, 3071, 3071, 3071, 3071, 3071, 3071, 3071, 3071, 3071, 3071, 3071, 3071, 3071, 3071, 3071, 3071, 3071, 3071, 3071, 3071, 3071, 3071, 3071, 3071, 3071, 3327, 3071, 3071, 3071, 3071, 3071, 3071, 3071, 3071, 3071, 3071, 3071, 3071, 3071, 3327, 3327, 3327, 3327, 3327, 3327, 3327, 3327, 3327, 3327, 3327, 3327, 3327, 3327, 3327, 3327, 3327, 3327, 3327, 3071];
