sen700 = [24064, 24064, 24064, 24064, 24064, 24064, 24064, 24064, 24064, 24064, 24064, 24064, 24064, 24064, 24064, 24064, 24064, 24064, 24320, 24320, 24320, 24320, 24320, 24320, 24320, 24320, 24320, 24320, 24064, 24320, 24320, 24320, 24320, 24320, 24320, 24320, 24320, 24320, 24064, 24320, 24064, 24320, 24064, 24320, 24320, 24320, 24064, 24064, 24320, 24064, 24064, 24320, 24320, 24320, 24320, 24320, 24320, 24320, 24320, 24320, 24320, 24320, 24064, 24320, 24320, 24320, 24320, 24064, 24064, 24064, 24320, 24320, 24320, 24064, 24320, 24320, 24320, 24320, 24320, 24320, 24320, 24064, 24064, 24320, 24320, 24320, 24064, 24064, 24064, 24064, 24320, 24320, 24320, 24320, 24320, 24320, 24064, 24064, 24064, 24064, 24064, 24064, 24064, 24064, 24064, 24064, 24064, 24064, 24064, 24064, 24064, 24064, 24064, 24064, 24064, 24064, 24064, 24064, 24064, 24064, 24064, 24320, 24064, 24320, 24320, 24320, 24320, 24320, 24320, 24320, 24320, 24320, 24320, 24320, 24320, 24320, 24320, 24320, 24320, 24320, 24320, 24320, 24320, 24320, 24320, 24320, 24320, 24320, 24320, 24320, 24320, 24320, 24320, 24320, 24320, 24320, 24320, 24320, 24320, 24320, 24320, 24320, 24320, 24320, 24320, 24320, 24320, 24320, 24320, 24320, 24320, 24320, 24320, 24320, 24320, 24320, 24320, 24320, 24320, 24320, 24320, 24320, 24320, 24320, 24320, 24320, 24320, 24320, 24320, 24320, 24320, 24320, 24320, 24320, 24320, 24320, 24320, 24064, 24064, 24320];
