time = [0, 46, 107, 169, 245, 337, 413, 504, 580, 626, 671, 732, 794, 840, 885, 947, 993, 1070, 1115, 1177, 1223, 1285, 1330, 1391, 1437, 1499, 1560, 1606, 1683, 1713, 1758, 1827, 1874, 1928, 1959, 2006, 2055, 2103, 2151, 2178, 2196, 2243, 2302, 2381, 2424, 2466, 2499, 2526, 2599, 2626, 2701, 2728, 2770, 2818, 2845, 2878, 2905, 2953, 2995, 3060, 3109, 3166, 3209, 3242, 3269, 3302, 3334, 3376, 3425, 3483, 3531, 3594, 3659, 3706, 3769, 3833, 3912, 3969, 4002, 4076, 4124, 4151, 4178, 4204, 4294, 4352, 4378, 4411, 4438, 4480, 4523, 4596, 4654, 4702, 4760, 4787, 4829, 4872, 4946, 4979, 5021, 5069, 5112, 5154, 5212, 5239, 5287, 5330, 5372, 5415, 5458, 5501, 5534, 5576, 5634, 5676, 5719, 5762, 5810, 5868, 5916, 5958, 5991, 6055, 6097, 6120, 6157, 6180, 6202, 6256, 6293, 6323, 6361, 6407, 6437, 6500, 6552, 6606, 6652, 6697, 6743, 6781, 6850, 6918, 6980, 7042, 7087, 7133, 7195, 7241, 7287, 7324, 7362, 7384, 7422, 7468, 7505, 7528, 7574, 7596, 7633, 7671, 7724, 7754, 7776, 7799, 7837, 7890, 7943, 7965, 7996, 8018, 8071, 8109, 8163, 8200, 8254, 8315, 8345, 8383, 8421, 8451, 8488, 8526, 8548, 8570, 8609, 8631, 8668, 8690, 8736, 8758, 8781, 8818, 8840, 8863, 8900, 8922, 8952, 8999, 9075, 9113, 9135, 9172, 9210, 9271, 9309, 9340, 9393, 9447, 9469, 9507, 9568, 9605, 9651, 9719, 9741, 9771, 9802, 9840, 9877, 9930, 9975, 10013, 10074, 10126, 10163, 10194, 10263, 10309, 10355, 10400, 10446, 10476, 10538, 10598, 10644, 10697, 10750, 10803, 10855, 10877, 10899, 10937, 10990, 11028, 11074, 11096, 11134, 11187, 11218, 11264, 11286, 11325, 11378, 11400, 11438, 11460, 11498, 11536, 11581, 11603, 11641, 11671, 11708, 11746, 11792, 11819, 11867, 11931, 11979, 12037, 12095, 12168, 12211, 12238, 12301, 12349, 12428, 12460, 12518, 12560, 12623, 12696, 12738, 12770, 12813, 12871, 12919, 12962, 13005, 13068, 13116, 13175, 13207, 13255, 13314, 13377, 13420, 13499, 13556, 13619, 13682, 13745, 13792, 13855, 13903, 13976, 14034, 14092, 14135, 14177, 14251, 14299, 14341, 14384, 14447, 14511, 14553, 14611, 14653, 14695, 14737, 14786, 14844, 14893, 14936, 14993, 15035, 15093, 15135, 15184, 15247, 15311, 15378, 15439, 15516, 15576, 15622, 15684, 15745, 15790, 15836, 15898, 15952, 15983, 16029, 16090, 16166, 16227, 16288, 16334, 16425, 16486, 16547, 16638, 16699, 16776, 16821, 16882, 16958, 17050, 17125, 17217, 17308, 17370, 17416, 17462, 17524, 17585, 17647, 17693, 17754, 17800, 17862, 17908, 17969, 18015, 18061, 18123, 18184, 18230, 18292, 18368, 18445, 18476, 18538, 18598, 18675, 18721, 18767, 18828, 18890, 18936, 18997, 19057, 19118, 19164, 19241, 19302, 19348, 19410, 19455, 19501, 19563, 19624, 19684, 19761, 19838, 19913, 19959, 20028, 20089, 20165, 20211, 20303, 20379, 20471, 20546, 20622, 20668, 20714, 20790, 20836, 20898, 20944, 20990, 21051, 21128, 21174, 21250, 21312, 21374, 21420, 21465, 21511, 21557, 21619, 21664, 21717, 21779, 21848, 21893, 21931, 22000, 22053, 22099, 22145, 22199, 22236, 22284, 22347, 22396, 22458, 22532, 22589, 22631, 22674, 22700, 22749, 22792, 22819, 22868, 22916, 22959, 23001, 23044, 23102, 23144, 23192, 23240, 23298, 23331, 23378, 23412, 23485, 23533, 23580, 23654, 23717, 23766, 23813, 23861, 23909, 23972, 24020, 24079, 24106, 24132, 24165, 24208, 24256, 24284, 24342, 24369, 24411, 24444, 24492, 24534, 24577, 24634, 24677, 24719, 24762, 24804, 24831, 24904, 24931, 24958, 24985, 25012, 25039, 25065, 25092, 25119, 25146, 25194, 25252, 25295, 25337, 25395, 25438, 25465, 25508, 25535, 25577, 25636, 25669, 25718, 25766, 25845, 25902, 25945, 25971, 25998, 26046, 26079, 26122, 26165, 26208, 26256, 26299, 26342, 26369, 26418, 26460, 26518, 26566, 26609, 26636, 26679, 26721, 26764, 26812, 26855, 26912, 26960, 27008, 27056, 27105, 27152, 27185, 27233, 27312, 27344, 27407, 27455, 27482, 27546, 27573, 27621, 27654, 27681, 27724, 27767, 27794, 27821, 27853, 27886, 27944, 27971, 27998, 28047, 28089, 28116, 28148, 28205, 28232, 28264, 28291, 28333, 28360, 28387, 28420, 28447, 28474, 28522, 28555, 28582, 28624, 28666, 28709, 28752, 28809, 28836, 28854, 28881, 28908, 28941, 28968, 29001, 29065, 29107, 29150, 29198, 29241, 29268, 29310, 29352, 29385, 29427, 29460, 29508, 29556, 29589, 29648, 29706, 29764, 29806, 29855, 29903, 29935, 29962, 29995, 30037, 30079, 30122, 30154, 30187, 30246, 30293, 30341, 30389, 30437, 30500, 30564, 30597, 30645, 30687, 30729, 30771, 30813, 30856, 30883, 30910, 30952, 30999, 31026, 31054, 31096, 31123, 31166, 31215, 31257, 31284, 31332, 31374, 31407, 31434, 31460, 31518, 31561, 31587, 31646, 31673, 31700, 31733, 31775, 31803, 31844, 31871, 31913, 31955, 31982, 32024, 32051, 32093, 32120, 32162, 32236, 32278, 32320, 32353, 32425, 32474, 32517, 32575, 32632, 32675, 32707, 32755, 32797, 32844, 32871, 32898, 32931, 32980, 33006, 33033, 33075, 33108, 33141, 33204, 33252, 33300, 33333, 33360, 33407, 33440, 33483, 33525, 33557, 33621, 33685, 33733, 33781, 33829, 33877, 33925, 33958, 34005, 34063, 34096, 34123, 34156, 34183, 34210, 34236, 34269, 34302, 34329, 34353, 34391, 34429, 34466, 34497, 34551, 34597, 34627, 34673, 34695, 34733, 34764, 34795, 34841, 34863, 34900, 34923, 34991, 35013, 35050, 35073, 35127, 35158, 35211, 35257, 35280, 35318, 35363, 35402, 35454, 35477, 35530, 35567, 35605, 35658, 35688, 35734, 35786, 35817, 35862, 35900, 35938, 36007, 36061, 36099, 36145, 36199, 36221, 36243, 36281, 36318, 36348, 36370, 36393, 36446, 36468, 36530, 36568, 36599, 36630, 36668, 36729, 36775, 36806, 36836, 36858, 36881, 36934, 36980, 37026, 37079, 37140, 37201, 37263, 37315, 37383, 37421, 37459, 37512, 37551, 37573, 37595, 37617, 37655, 37708, 37746, 37792, 37823, 37861, 37898, 37920, 37973, 37995, 38025, 38078, 38100, 38138, 38176, 38198, 38244, 38281, 38350, 38388, 38410, 38463, 38501, 38524, 38561, 38599, 38621, 38658, 38681, 38703, 38741, 38781, 38808, 38835, 38878, 38921, 38969, 39012, 39086, 39160, 39218, 39260, 39318, 39381, 39423, 39485, 39549, 39591, 39618, 39676, 39734, 39782, 39887, 39935, 39993, 40056, 40144, 40223, 40265, 40324, 40387, 40449, 40527, 40575, 40623, 40686, 40713, 40771, 40823, 40865, 40914, 40957, 40999, 41042, 41100, 41127, 41170, 41197, 41246, 41288, 41330, 41373, 41401, 41458, 41500, 41527, 41569, 41612, 41655, 41718, 41761, 41804, 41846, 41903, 41961, 42019, 42062, 42110, 42152, 42195, 42242, 42269, 42296, 42323, 42380, 42428, 42502, 42529, 42576, 42634, 42691, 42724, 42781, 42807, 42850, 42908, 42966, 42999, 43064, 43121, 43148, 43196, 43260, 43307, 43355, 43428, 43492, 43570, 43612, 43675, 43732, 43780, 43843, 43917, 43996, 44060, 44118, 44167, 44216, 44258, 44301, 44328, 44355, 44403, 44445, 44509, 44536, 44593, 44650, 44693, 44742, 44815, 44873, 44900, 44942, 44990, 45055, 45088, 45136, 45168, 45211, 45253, 45295, 45343, 45385, 45443, 45522, 45570, 45628, 45661, 45719, 45767, 45815, 45857, 45884, 45942, 45990, 46017, 46075, 46133, 46176, 46234, 46296, 46344, 46417, 46475, 46538, 46586, 46634, 46676, 46724, 46772, 46815, 46872, 46905, 46978, 47067, 47110, 47183, 47261, 47308, 47371, 47413, 47440, 47483, 47526, 47583, 47626, 47684, 47731, 47789, 47846, 47889, 47936, 47985, 48044, 48086, 48119, 48162, 48204, 48231, 48305, 48363, 48421, 48447, 48489, 48563, 48625, 48667, 48709, 48742, 48784, 48841, 48899, 48942, 48984, 49033, 49065, 49129, 49202, 49265, 49323, 49386, 49413, 49461, 49519, 49567, 49630, 49671, 49720, 49778, 49841, 49920, 49978, 50041, 50105, 50183, 50247, 50305, 50353, 50401, 50464, 50497, 50545, 50623, 50701, 50795, 50859, 50905, 50951, 50997, 51042, 51088, 51134, 51180, 51226, 51287, 51333, 51379, 51425, 51486, 51548, 51594, 51640, 51685, 51731, 51792, 51869, 51914, 51960, 52022, 52083, 52143, 52205, 52251, 52282, 52358, 52419, 52480, 52526, 52586, 52632, 52685, 52761, 52823, 52885, 52931, 52976, 53022, 53084, 53146, 53191, 53253, 53330, 53392, 53453, 53530, 53560, 53605, 53682, 53758, 53819, 53894, 53955, 54031, 54122, 54199, 54245, 54290, 54351, 54397, 54443, 54488, 54534, 54595, 54641, 54702, 54764, 54826, 54903, 54964, 55040, 55101, 55176, 55237, 55299, 55375, 55421, 55483, 55544, 55589, 55635, 