sen0 = [12286, 12030, 12286, 12030, 12030, 12030, 12030, 12286, 12030, 12030, 12286, 12030, 12030, 12030, 12030, 12030, 12030, 12030, 12030, 12030, 12030, 12030, 12030, 12030, 12030, 12030, 12030, 12030, 12030, 12030, 12030, 12030, 12030, 12030, 12030, 12286, 12030, 12030, 12286, 12030, 12286, 12030, 12286, 12286, 12286, 12030, 12286, 12286, 12286, 12286, 12286, 12286, 12286, 12286, 12286, 12286, 12286, 12286, 12286, 12286, 12030, 12030, 12286, 12286, 12286, 12030, 12286, 12286, 12286, 12286, 12286, 12286, 12286, 12286, 12286, 12286, 12030, 12286, 12286, 12030, 12030, 12030, 12030, 12286, 12030, 12030, 12030, 12030, 12286, 12030, 12030, 12030, 12286, 12286, 12286, 12286, 12286, 12286, 12286, 12286, 12286, 12286, 12286, 12286, 12286, 12286, 12286, 12286, 12286, 12286, 12286, 12286, 12286, 12286, 12286, 12286, 12286, 12286, 12286, 12030, 12030, 12030, 12030, 12286, 12030, 12030, 12030, 12030, 12030, 12030, 12030, 12030, 12030, 12030, 12030, 12030, 12030, 12030, 12030, 12030, 12030, 12030, 12030, 12030, 12030, 12030, 12030, 12030, 12030, 12030, 12030, 12030, 12030, 12030, 12030, 12030, 12030, 12030, 12030, 12030, 12030, 12030, 12030, 12030, 12030, 12030, 12030, 12030, 12030, 12030, 12030, 12030, 12030, 12030, 12030, 12030, 12030, 12030, 12030, 12030, 12030, 12030, 12030, 58095, 12030, 12030, 12030, 12030, 12030, 12030, 12030, 12030, 12030, 12030, 12030, 12030, 12030, 12030, 12030, 12030];
