sen10 = [13822, 13822, 13822, 13822, 13822, 13822, 13822, 13822, 13822, 13822, 13566, 13822, 13822, 13822, 13822, 13822, 13822, 13822, 13822, 13822, 13822, 13822, 13566, 13822, 13822, 13566, 13822, 13822, 13822, 13566, 13822, 13566, 13822, 13566, 13822, 13566, 13822, 13822, 13566, 13566, 13566, 13822, 13822, 13822, 13822, 13822, 13822, 13822, 13822, 13822, 13822, 13822, 13822, 13566, 13822, 13822, 13822, 13822, 13822, 13822, 13822, 13822, 13822, 13822, 13822, 13822, 13822, 13822, 13822, 13822, 13822, 13822, 13822, 13822, 13822, 13822, 13822, 13822, 13822, 13822, 13822, 13822, 13822, 13822, 13822, 13822, 13822, 13822, 13822, 13822, 13822, 13822, 13822, 13822, 13822, 13822, 13822, 13822, 13822, 13822, 14078, 13822, 13822, 14078, 14078, 14078, 14078, 14078, 14078, 14078, 14078, 14078, 14078, 14078, 14078, 14078, 14078, 14078, 14078, 14078, 14078, 14078, 14078, 14078, 14078, 14078, 14078, 14078, 14078, 14078, 14078, 13822, 14078, 14078, 14078, 14078, 14078, 14078, 14078, 13822, 13822, 13822, 13822, 13822, 14078, 13822, 14078, 14078, 14078, 14078, 14078, 13822, 13822, 13822, 14078, 13822, 14078, 13822, 14078, 13822, 13822, 13822, 14078, 13822, 13822, 13822, 13822, 14078, 13822, 13822, 13822, 13822, 13822, 13822, 13822, 13822, 13822, 13822, 13822, 13822, 13822, 13822, 13822, 13822, 13822, 13822, 13822, 13822, 13822, 13822, 14078, 14078, 13822, 13822, 13822, 13822, 13822, 13822, 13822, 13822];
