sen1500 = [57346, 57346, 57346, 57346, 57346, 57346, 57346, 57346, 57346, 57090, 57090, 57090, 57090, 57090, 57090, 57090, 57090, 57090, 57090, 57090, 57090, 57090, 57090, 57090, 57090, 57090, 57090, 56834, 57090, 56834, 56834, 56834, 56834, 57090, 57090, 57090, 57090, 57090, 57090, 57090, 57090, 57090, 57090, 57090, 57090, 57090, 57090, 57090, 57090, 57090, 57090, 57090, 57090, 57090, 57090, 57090, 57090, 57346, 57090, 57090, 57090, 57090, 57090, 57090, 57090, 57090, 57090, 57090, 57090, 57090, 57090, 57090, 57090, 57090, 57090, 57090, 57090, 57090, 57090, 57346, 57346, 57090, 57090, 57090, 57090, 57090, 57090, 57090, 57090, 57090, 57090, 57090, 57090, 57090, 57090, 57090, 57090, 57090, 57090, 57090, 57090, 57090, 57090, 57090, 57090, 57090, 57090, 57090, 57090, 57090, 57090, 57090, 57090, 57090, 57090, 57090, 57090, 57090, 57090, 57090, 57090, 57090, 56834, 57090, 56834, 56834, 57090, 56834, 56834, 56834, 56834, 56834, 56834, 56834, 56834, 56834, 56834, 56834, 56834, 56834, 56834, 56834, 57090, 56834, 56834, 56834, 56834, 56834, 56834, 57090, 57090, 57090, 57090, 57090, 57090, 57090, 57090, 57090, 57090, 57090, 57090, 57090, 57090, 57090, 57090, 57090, 57346, 57090, 57346, 57090, 57090, 57346, 57090, 57090, 57346, 57090, 57346, 57346, 57346, 57346, 57346, 57346, 57346, 57346, 57090, 57346, 57346, 57346, 57346, 57346, 57346, 57346, 57090, 57090, 57090, 57090, 57346, 57090, 57090, 57090];
