sen366 = [23039, 23039, 23039, 23039, 23039, 23039, 23039, 23039, 23039, 23039, 23039, 23039, 23039, 23039, 23039, 23039, 23039, 23039, 23039, 23039, 23039, 23039, 23039, 23039, 23039, 23039, 23039, 23039, 23039, 23039, 23039, 23039, 23039, 23039, 23039, 23039, 23039, 23039, 23039, 23039, 23039, 23039, 23039, 23039, 23039, 23039, 23039, 23295, 23039, 23295, 23295, 23295, 23039, 23295, 23295, 23295, 23295, 23295, 23295, 23295, 23295, 23295, 23295, 23295, 23295, 23295, 23295, 23295, 23295, 23295, 23295, 23295, 23295, 23295, 23295, 23295, 23295, 23295, 23295, 23295, 23295, 23295, 23295, 23295, 23295, 23295, 23295, 23295, 23295, 23295, 23295, 23295, 23295, 23295, 23295, 23295, 23295, 23295, 23295, 23295, 23295, 23295, 23295, 23295, 23295, 23295, 23295, 23295, 23295, 23551, 23551, 23551, 23551, 23551, 23551, 23551, 23551, 23551, 23551, 23551, 23551, 23551, 23551, 23551, 23551, 23551, 23551, 23551, 23551, 23551, 23551, 23551, 23551, 23551, 23551, 23551, 23551, 23551, 23551, 23551, 23551, 23551, 23551, 23551, 23295, 23295, 23295, 23295, 23295, 23295, 23551, 23295, 23295, 23295, 23295, 23295, 23295, 23551, 23295, 23551, 23295, 23551, 23295, 23295, 23295, 23551, 23295, 23295, 23295, 23295, 23295, 23295, 23551, 23295, 23295, 23295, 23295, 23295, 23295, 23295, 23295, 23295, 23295, 23295, 23295, 23295, 23295, 23295, 23295, 23295, 23295, 23295, 23295, 23295, 23295, 23295, 23295, 23295, 23295, 23295];
