sen550 = [59903, 59903, 59903, 59903, 59903, 59903, 59903, 59903, 59903, 59903, 59903, 59903, 59903, 59903, 59903, 59903, 59903, 59903, 59903, 59903, 59903, 59903, 59903, 60159, 60159, 59903, 59903, 59903, 59903, 59903, 59903, 59903, 59903, 59903, 59903, 59903, 59903, 59903, 59903, 59903, 59903, 59903, 59903, 59903, 59903, 59903, 59903, 59903, 59903, 59903, 59903, 59903, 59903, 59903, 59903, 59903, 59903, 59903, 59903, 59903, 59903, 59903, 59903, 59903, 59903, 59903, 59903, 59903, 59903, 59903, 59903, 59903, 59903, 59903, 59903, 59903, 59903, 59903, 59903, 59903, 59903, 59903, 59903, 59903, 59903, 59903, 59903, 59903, 59903, 59903, 59903, 59903, 59903, 59903, 59903, 59903, 59903, 59903, 59903, 59903, 59903, 59903, 59903, 59903, 59903, 59903, 59903, 59903, 59903, 59903, 59903, 59647, 59903, 59647, 59903, 59903, 59903, 59903, 59903, 59903, 59647, 59647, 59647, 59647, 59647, 59647, 59647, 59647, 59647, 59647, 59647, 59647, 59647, 59647, 59647, 59903, 59647, 59647, 59647, 59903, 59903, 59903, 59647, 59647, 59647, 59647, 59647, 59647, 59647, 59647, 59647, 59647, 59647, 59647, 59647, 59647, 59647, 59647, 59647, 59647, 59647, 59647, 59903, 59647, 59647, 59647, 59647, 59647, 59647, 59647, 59647, 59647, 59647, 59647, 59647, 59647, 59647, 59647, 59647, 59647, 59647, 59647, 59647, 59647, 59647, 59647, 59647, 59647, 59647, 59647, 59647, 59647, 59647, 59647, 59647, 59647, 59647, 59647, 59647, 59647];
