sen560 = [61951, 61951, 61951, 61951, 61951, 61951, 61951, 61951, 61951, 61951, 61951, 61951, 61951, 61951, 61951, 61951, 61951, 61951, 61951, 61951, 61951, 61951, 61951, 61951, 61951, 61951, 61951, 61951, 61951, 61951, 61951, 61951, 61951, 61951, 61951, 61951, 61951, 61951, 61951, 61951, 61951, 61951, 61951, 61951, 61951, 61951, 61951, 61951, 61951, 61951, 61951, 61951, 61951, 61951, 61951, 61951, 61951, 61695, 61695, 61951, 61695, 61951, 61951, 61695, 61951, 61695, 61951, 61695, 61951, 61951, 61951, 61951, 61951, 61951, 61951, 61951, 61695, 61951, 61951, 61695, 61951, 61695, 61951, 61695, 61951, 61695, 61695, 61951, 61951, 61951, 61951, 61695, 61951, 61951, 61951, 61695, 61695, 61951, 61951, 61951, 61951, 61695, 61951, 61695, 61695, 61695, 61695, 61695, 61695, 61695, 61695, 61951, 61695, 61951, 61951, 61951, 61951, 61695, 61695, 61695, 61695, 61951, 61695, 61695, 61951, 61951, 61695, 61951, 61951, 61951, 61951, 61951, 61951, 61951, 61951, 61951, 61951, 61951, 61951, 61951, 61951, 61951, 61951, 61951, 61951, 61951, 61695, 61951, 61695, 61695, 61951, 61695, 61951, 61951, 61695, 61951, 61695, 61951, 61951, 61695, 61951, 61695, 61695, 61695, 61951, 61951, 61695, 61695, 61695, 61695, 61951, 61695, 61695, 61695, 61695, 61695, 61695, 61695, 61951, 61695, 61695, 61695, 61695, 61695, 61695, 61695, 61695, 61951, 61695, 61695, 61695, 61695, 61695, 61951, 61951, 61695, 61951, 61695, 61695, 61695];
